Pos	Red	Green	Blue	
0	97	71	190	
1	96	73	192	
2	97	72	191	
3	96	70	192	
4	96	71	197	
5	95	74	201	
6	95	75	200	
7	98	74	197	
8	101	73	191	
9	101	72	188	
10	100	75	192	
11	97	77	196	
12	95	76	201	
13	95	74	202	
14	93	71	198	
15	93	72	196	
16	89	72	195	
17	88	70	195	
18	87	70	195	
19	88	69	194	
20	87	70	195	
21	85	70	192	
22	83	68	189	
23	84	68	186	
24	84	67	183	
25	83	65	181	
26	81	63	180	
27	80	61	176	
28	78	62	173	
29	78	63	167	
30	75	63	162	
31	73	61	157	
32	69	56	154	
33	70	57	147	
34	69	56	141	
35	64	49	128	
36	60	44	123	
37	61	45	117	
38	60	45	116	
39	59	42	108	
40	57	41	104	
41	57	43	101	
42	55	41	101	
43	50	37	96	
44	49	37	92	
45	48	38	85	
46	48	40	80	
47	49	39	79	
48	50	38	84	
49	50	38	85	
50	47	36	79	
51	46	35	80	
52	46	35	86	
53	48	34	91	
54	48	34	93	
55	45	34	92	
56	43	35	88	
57	44	36	86	
58	45	35	85	
59	44	35	86	
60	42	31	85	
61	44	33	83	
62	44	34	80	
63	43	33	74	
64	42	31	68	
65	43	31	72	
66	42	31	80	
67	41	29	81	
68	42	31	76	
69	41	30	71	
70	38	27	67	
71	39	29	67	
72	44	33	67	
73	46	32	69	
74	48	33	73	
75	45	34	79	
76	44	33	81	
77	47	34	80	
78	45	32	72	
79	44	33	68	
80	44	35	72	
81	41	31	71	
82	40	30	72	
83	42	31	71	
84	42	32	67	
85	42	31	63	
86	40	30	61	
87	42	34	64	
88	43	32	66	
89	42	28	66	
90	46	33	72	
91	46	34	75	
92	45	33	72	
93	45	33	74	
94	44	31	77	
95	45	34	77	
96	49	36	70	
97	51	35	72	
98	51	33	80	
99	53	38	85	
100	54	40	81	
101	53	37	72	
102	54	36	66	
103	52	35	65	
104	52	34	73	
105	54	35	75	
106	53	35	69	
107	52	35	64	
108	50	36	62	
109	47	34	64	
110	46	35	72	
111	49	39	78	
112	50	40	78	
113	48	36	76	
114	49	34	71	
115	52	35	72	
116	54	34	76	
117	55	37	79	
118	54	36	80	
119	51	33	78	
120	46	30	75	
121	44	28	69	
122	46	30	63	
123	50	34	61	
124	47	33	63	
125	43	30	65	
126	40	30	64	
127	44	32	62	
128	44	32	57	
129	41	30	62	
130	42	30	75	
131	41	27	79	
132	44	31	78	
133	44	34	75	
134	41	32	72	
135	43	35	74	
136	45	36	68	
137	49	37	71	
138	52	37	78	
139	51	35	80	
140	51	34	79	
141	50	35	80	
142	53	36	81	
143	59	37	80	
144	61	38	76	
145	59	38	80	
146	59	39	86	
147	62	40	90	
148	68	44	89	
149	68	45	95	
150	70	46	100	
151	71	48	115	
152	77	51	126	
153	82	55	134	
154	91	57	132	
155	94	59	141	
156	102	62	149	
157	106	65	164	
158	115	71	174	
159	118	74	185	
160	122	73	186	
161	121	73	193	
162	125	75	195	
163	128	76	197	
164	130	76	197	
165	131	77	198	
166	130	77	198	
167	129	76	198	
168	129	76	198	
169	127	76	199	
170	128	76	199	
171	131	77	196	
172	132	77	194	
173	130	76	194	
174	128	77	195	
175	128	78	199	
176	128	79	200	
177	131	78	199	
178	131	77	198	
179	131	77	197	
180	130	77	199	
181	130	76	197	
182	132	78	196	
183	132	78	194	
184	130	75	192	
185	131	76	190	
186	132	77	187	
187	131	76	185	
188	130	76	185	
189	129	75	188	
190	129	74	191	
191	128	73	193	
192	128	75	195	
193	127	76	195	
194	128	78	196	
195	130	79	196	
196	130	78	197	
197	129	77	200	
198	129	76	200	
199	130	77	201	
200	132	79	203	
201	132	78	205	
202	132	78	206	
203	134	79	210	
204	133	77	211	
205	132	78	207	
206	134	81	200	
207	134	82	198	
208	133	79	199	
209	133	79	200	
210	133	79	199	
211	134	79	198	
212	133	79	200	
213	132	79	202	
214	130	78	201	
215	129	77	199	
216	129	79	198	
217	129	78	193	
218	128	77	191	
219	128	78	190	
220	126	75	195	
221	127	76	198	
222	127	77	197	
223	127	76	196	
224	127	77	197	
225	128	77	196	
226	127	76	192	
227	127	75	191	
228	126	74	192	
229	124	71	186	
230	122	73	180	
231	121	75	176	
232	118	72	178	
233	119	70	177	
234	121	72	177	
235	122	72	176	
236	121	71	176	
237	120	71	177	
238	121	71	175	
239	121	71	177	
240	122	73	180	
241	121	72	183	
242	121	73	183	
243	124	77	183	
244	125	75	182	
245	123	71	183	
246	124	72	186	
247	124	73	191	
248	126	74	194	
249	127	74	198	
250	130	76	200	
251	131	77	202	
252	131	76	200	
253	131	78	203	
254	131	79	205	
255	132	80	207	
256	132	81	207	
257	130	79	204	
258	131	79	201	
259	132	80	199	
260	130	78	201	
261	128	76	203	
262	128	76	203	
263	128	74	202	
264	130	76	201	
265	131	80	202	
266	132	80	202	
267	133	79	202	
268	136	81	201	
269	135	78	204	
270	132	77	208	
271	130	78	208	
272	130	79	204	
273	133	79	199	
274	132	76	199	
275	130	73	197	
276	128	73	196	
277	129	76	195	
278	130	77	193	
279	129	74	190	
280	129	75	190	
281	127	77	191	
282	125	76	193	
283	125	74	193	
284	125	74	193	
285	125	74	193	
286	121	73	193	
287	118	72	194	
288	115	70	194	
289	115	70	188	
290	113	70	180	
291	110	69	172	
292	105	70	173	
293	99	64	162	
294	90	58	151	
295	85	55	132	
296	75	49	124	
297	72	45	102	
298	66	40	89	
299	63	36	77	
300	56	33	77	
301	53	36	81	
302	49	36	85	
303	48	35	84	
304	48	35	78	
305	48	36	81	
306	47	33	85	
307	46	32	82	
308	50	36	80	
309	53	39	81	
310	53	41	85	
311	52	41	85	
312	50	38	81	
313	50	36	81	
314	51	38	89	
315	49	36	89	
316	50	36	82	
317	53	39	81	
318	57	43	83	
319	56	42	84	
320	54	39	86	
321	53	39	88	
322	51	38	89	
323	51	39	90	
324	51	40	87	
325	53	44	91	
326	55	47	97	
327	56	47	101	
328	57	46	101	
329	57	47	110	
330	59	47	119	
331	60	47	125	
332	63	49	124	
333	65	51	130	
334	65	51	137	
335	66	53	143	
336	67	54	142	
337	67	54	142	
338	68	56	145	
339	68	57	147	
340	68	57	148	
341	69	57	146	
342	73	59	143	
343	75	59	144	
344	74	57	147	
345	73	57	151	
346	73	59	154	
347	72	61	154	
348	73	64	152	
349	72	63	153	
350	72	62	155	
351	72	65	161	
352	74	66	164	
353	73	64	166	
354	74	61	165	
355	77	64	162	
356	78	63	158	
357	75	63	160	
358	77	65	166	
359	77	64	166	
360	76	62	160	
361	77	64	162	
362	77	64	169	
363	77	63	173	
364	78	63	172	
365	80	67	170	
366	82	69	167	
367	80	66	165	
368	81	65	167	
369	81	66	169	
370	81	71	173	
371	77	70	175	
372	72	65	172	
373	75	65	175	
374	78	65	176	
375	78	65	174	
376	79	65	171	
377	78	64	168	
378	77	63	170	
379	76	63	170	
380	77	65	171	
381	78	65	171	
382	79	66	172	
383	79	66	174	
384	78	64	174	
385	79	64	177	
386	80	65	178	
387	80	66	180	
388	79	66	178	
389	79	67	177	
390	80	69	176	
391	79	67	175	
392	78	65	177	
393	77	66	177	
394	77	66	176	
395	80	68	177	
396	80	68	179	
397	77	66	181	
398	77	66	183	
399	80	67	180	
400	83	68	173	
401	84	70	171	
402	84	70	176	
403	83	70	180	
404	83	71	182	
405	83	73	183	
406	85	73	182	
407	85	71	184	
408	85	69	187	
409	84	69	189	
410	84	71	188	
411	84	72	188	
412	84	72	190	
413	83	71	192	
414	83	72	193	
415	84	72	192	
416	83	70	189	
417	84	69	187	
418	84	71	189	
419	84	72	191	
420	84	72	192	
421	86	73	195	
422	88	72	196	
423	89	73	197	
424	88	73	195	
425	85	72	195	
426	84	71	197	
427	86	72	197	
428	87	73	194	
429	87	73	191	
430	86	73	190	
431	84	72	189	
432	84	72	188	
433	85	72	189	
434	85	71	189	
435	86	69	188	
436	86	68	189	
437	84	68	189	
438	84	70	191	
439	84	69	192	
440	83	68	192	
441	85	69	192	
442	85	70	192	
443	83	70	195	
444	82	69	197	
445	84	69	196	
446	87	72	191	
447	89	73	191	
448	89	74	195	
449	88	74	196	
450	87	72	195	
451	89	69	193	
452	91	72	193	
453	90	76	193	
454	87	75	191	
455	86	72	187	
456	82	69	186	
457	82	70	184	
458	83	71	183	
459	82	69	184	
460	82	69	190	
461	82	71	194	
462	82	71	191	
463	82	71	194	
464	85	73	198	
465	89	75	199	
466	91	75	195	
467	93	76	194	
468	92	77	200	
469	87	76	201	
470	86	76	198	
471	86	75	196	
472	85	73	196	
473	85	75	196	
474	84	75	196	
475	84	74	198	
476	86	73	199	
477	86	70	200	
478	87	72	200	
479	88	75	202	
480	87	75	203	
481	86	75	204	
482	85	75	205	
483	85	75	204	
484	85	74	203	
485	87	75	203	
486	90	76	204	
487	89	74	206	
488	89	72	209	
489	90	73	209	
490	91	75	205	
491	90	76	201	
492	89	76	201	
493	88	75	200	
494	87	74	199	
495	88	73	197	
496	90	74	193	
497	90	76	191	
498	91	77	193	
499	92	77	197	
500	90	75	203	
501	89	73	207	
502	90	75	208	
503	91	77	208	
504	89	76	208	
505	87	77	211	
506	86	76	217	
507	84	75	217	
508	86	74	213	
509	89	74	207	
510	89	74	206	
511	88	76	208	
512	85	74	210	
513	86	75	208	
514	86	74	200	
515	87	75	197	
516	86	75	202	
517	84	73	201	
518	83	72	198	
519	83	71	195	
520	84	72	198	
521	86	73	198	
522	86	73	196	
523	86	71	194	
524	86	71	193	
525	87	73	191	
526	87	73	188	
527	86	72	187	
528	87	74	191	
529	88	76	196	
530	88	74	195	
531	91	77	199	
532	94	81	201	
533	92	80	207	
534	93	80	212	
535	92	80	218	
536	92	78	219	
537	93	78	217	
538	95	79	212	
539	95	78	207	
540	94	79	207	
541	92	79	206	
542	92	79	209	
543	96	81	211	
544	96	79	210	
545	92	77	210	
546	93	80	212	
547	94	81	212	
548	93	79	211	
549	93	79	212	
550	92	79	210	
551	92	78	210	
552	93	78	211	
553	92	77	210	
554	90	76	209	
555	90	77	210	
556	91	78	209	
557	91	77	211	
558	92	77	215	
559	92	77	216	
560	91	77	215	
561	90	79	215	
562	90	79	215	
563	90	78	217	
564	91	77	219	
565	92	79	223	
566	93	80	224	
567	93	80	224	
568	94	80	224	
569	96	82	221	
570	97	83	219	
571	95	81	218	
572	95	80	220	
573	95	80	223	
574	95	80	223	
575	96	81	221	
576	95	81	219	
577	94	81	217	
578	94	79	217	
579	97	78	217	
580	97	78	218	
581	95	79	218	
582	93	80	217	
583	91	81	214	
584	91	80	212	
585	91	80	211	
586	92	79	212	
587	92	81	216	
588	93	82	218	
589	93	81	219	
590	94	80	218	
591	94	80	216	
592	95	81	216	
593	95	79	214	
594	96	79	215	
595	97	82	217	
596	97	83	218	
597	96	81	221	
598	95	79	221	
599	96	80	219	
600	93	78	217	
601	94	80	213	
602	92	80	213	
603	91	79	215	
604	92	80	218	
605	93	79	218	
606	95	81	216	
607	94	79	215	
608	93	77	216	
609	94	80	219	
610	94	80	222	
611	94	78	222	
612	96	79	220	
613	96	80	221	
614	95	80	226	
615	95	79	226	
616	95	80	222	
617	97	82	220	
618	95	81	220	
619	94	80	220	
620	93	78	219	
621	92	79	216	
622	94	82	214	
623	95	82	213	
624	94	80	212	
625	93	77	214	
626	94	76	216	
627	96	78	220	
628	96	80	221	
629	93	79	219	
630	92	80	218	
631	93	79	221	
632	92	77	226	
633	93	79	226	
634	95	80	219	
635	95	79	218	
636	95	79	223	
637	94	79	228	
638	94	78	228	
639	94	78	228	
640	94	79	227	
641	93	80	226	
642	93	80	225	
643	96	81	224	
644	97	81	222	
645	97	81	224	
646	98	80	226	
647	98	80	226	
648	97	79	226	
649	96	79	227	
650	95	81	226	
651	95	81	224	
652	94	80	222	
653	97	81	222	
654	96	80	223	
655	93	80	226	
656	93	80	226	
657	95	81	225	
658	99	83	226	
659	98	82	226	
660	96	80	226	
661	95	80	225	
662	94	81	223	
663	93	80	221	
664	93	80	219	
665	94	81	218	
666	93	80	220	
667	92	79	220	
668	91	79	218	
669	91	80	215	
670	91	79	213	
671	91	77	208	
672	92	76	205	
673	92	76	201	
674	91	75	201	
675	89	72	198	
676	83	69	197	
677	80	67	187	
678	75	65	178	
679	71	61	160	
680	68	57	151	
681	68	54	135	
682	64	52	126	
683	62	52	119	
684	58	49	122	
685	57	47	120	
686	58	46	115	
687	59	47	114	
688	60	48	117	
689	61	50	120	
690	63	51	123	
691	65	51	132	
692	67	50	137	
693	69	52	146	
694	72	55	148	
695	72	58	152	
696	71	58	153	
697	72	61	160	
698	75	65	164	
699	75	65	172	
700	78	66	175	
701	80	65	181	
702	83	67	184	
703	82	67	190	
704	82	67	195	
705	84	68	196	
706	86	71	193	
707	86	71	190	
708	86	71	188	
709	86	72	191	
710	87	72	194	
711	90	74	198	
712	91	75	199	
713	89	76	204	
714	91	78	206	
715	92	79	211	
716	93	81	214	
717	93	80	221	
718	94	80	225	
719	94	80	226	
720	95	81	223	
721	94	81	224	
722	95	82	226	
723	96	83	228	
724	96	81	226	
725	96	80	226	
726	98	82	226	
727	98	82	228	
728	96	81	232	
729	95	81	233	
730	94	80	230	
731	96	80	229	
732	97	82	230	
733	97	83	230	
734	95	82	230	
735	94	81	228	
736	94	80	227	
737	97	82	222	
738	97	83	217	
739	95	81	214	
740	93	79	214	
741	92	78	214	
742	92	78	213	
743	93	79	215	
744	96	81	216	
745	96	79	219	
746	98	80	222	
747	98	80	223	
748	98	81	222	
749	98	81	222	
750	97	81	222	
751	98	84	223	
752	97	83	226	
753	96	81	226	
754	97	82	224	
755	98	83	224	
756	95	80	226	
757	95	81	228	
758	94	82	227	
759	94	82	228	
760	94	81	227	
761	95	81	226	
762	97	83	226	
763	98	84	223	
764	99	84	219	
765	98	85	221	
766	97	84	227	
767	96	83	231	
768	97	83	230	
769	98	83	230	
770	100	85	229	
771	99	85	229	
772	99	85	230	
773	100	85	232	
774	99	84	233	
775	97	84	235	
776	97	84	237	
777	97	85	235	
778	97	83	230	
779	98	82	229	
780	98	82	232	
781	97	82	230	
782	99	84	224	
783	98	83	222	
784	98	83	228	
785	100	85	230	
786	102	85	228	
787	101	83	228	
788	100	83	232	
789	99	82	235	
790	97	82	237	
791	98	84	233	
792	98	84	227	
793	99	84	226	
794	98	82	230	
795	99	82	230	
796	99	83	225	
797	96	83	223	
798	94	81	226	
799	94	81	226	
800	95	81	227	
801	95	81	226	
802	96	81	222	
803	97	83	222	
804	95	80	224	
805	94	79	227	
806	97	81	230	
807	98	83	228	
808	99	84	224	
809	98	83	223	
810	98	82	225	
811	97	82	224	
812	98	84	223	
813	98	84	221	
814	97	84	221	
815	98	84	222	
816	97	81	224	
817	96	81	225	
818	96	81	223	
819	97	81	223	
820	97	81	224	
821	96	82	227	
822	97	82	230	
823	97	81	232	
824	99	82	231	
825	98	82	234	
826	98	83	237	
827	98	83	238	
828	101	84	235	
829	104	88	236	
830	103	88	238	
831	102	86	240	
832	103	86	239	
833	105	86	238	
834	107	87	237	
835	107	86	239	
836	106	85	241	
837	102	86	243	
838	102	87	242	
839	103	86	240	
840	101	86	242	
841	100	87	242	
842	98	85	242	
843	98	85	240	
844	100	85	237	
845	102	86	235	
846	102	85	235	
847	99	84	233	
848	100	87	232	
849	101	88	233	
850	100	85	235	
851	98	84	236	
852	99	87	235	
853	99	87	234	
854	98	86	234	
855	99	86	235	
856	99	85	235	
857	98	84	234	
858	99	85	233	
859	98	84	233	
860	98	84	236	
861	97	84	235	
862	96	84	231	
863	96	84	230	
864	98	85	232	
865	100	85	234	
866	100	84	233	
867	98	83	236	
868	96	83	240	
869	97	84	242	
870	99	86	240	
871	100	85	239	
872	101	85	237	
873	100	85	237	
874	100	85	239	
875	102	87	240	
876	102	86	239	
877	101	86	240	
878	101	86	242	
879	101	85	245	
880	102	86	246	
881	104	88	246	
882	104	86	242	
883	104	86	240	
884	105	87	242	
885	103	88	244	
886	102	88	246	
887	102	88	244	
888	102	88	238	
889	103	87	235	
890	103	87	238	
891	102	87	239	
892	100	86	238	
893	100	86	238	
894	101	87	239	
895	103	86	237	
896	104	85	237	
897	102	84	234	
898	102	85	234	
899	100	85	232	
900	100	86	230	
901	99	87	232	
902	96	83	237	
903	97	83	237	
904	100	85	234	
905	99	83	230	
906	99	82	231	
907	100	83	231	
908	98	84	229	
909	99	84	227	
910	99	85	225	
911	101	85	224	
912	101	84	227	
913	98	83	231	
914	99	83	230	
915	100	83	232	
916	100	84	236	
917	99	85	237	
918	100	86	237	
919	98	85	238	
920	102	88	240	
921	103	88	242	
922	104	87	242	
923	107	91	244	
924	108	92	244	
925	107	93	247	
926	107	94	252	
927	105	91	252	
928	105	90	247	
929	107	92	246	
930	107	92	249	
931	105	91	251	
932	104	89	251	
933	104	89	248	
934	104	87	245	
935	105	87	241	
936	107	90	242	
937	107	89	242	
938	103	87	241	
939	103	87	241	
940	103	87	242	
941	103	86	243	
942	104	86	243	
943	106	88	238	
944	105	88	232	
945	102	87	233	
946	100	86	241	
947	99	87	243	
948	101	87	239	
949	104	88	239	
950	103	86	243	
951	102	86	244	
952	104	89	240	
953	103	86	237	
954	102	86	239	
955	101	86	240	
956	97	85	243	
957	98	85	237	
958	97	83	228	
959	96	81	219	
960	93	79	218	
961	90	77	208	
962	88	76	201	
963	89	74	190	
964	85	70	186	
965	85	69	180	
966	80	66	176	
967	79	66	170	
968	80	68	169	
969	80	69	167	
970	78	67	167	
971	76	64	166	
972	76	63	167	
973	79	65	168	
974	79	64	168	
975	78	64	170	
976	78	64	171	
977	79	64	169	
978	79	63	165	
979	78	62	163	
980	79	65	164	
981	80	66	169	
982	80	65	171	
983	81	65	178	
984	85	70	182	
985	87	72	190	
986	87	71	195	
987	87	73	201	
988	89	76	203	
989	89	77	207	
990	91	77	208	
991	94	79	210	
992	97	82	211	
993	97	82	212	
994	95	82	212	
995	95	83	220	
996	94	81	227	
997	95	81	231	
998	97	83	229	
999	97	83	227	
1000	98	84	227	
1001	98	83	227	
1002	98	83	226	
1003	102	84	225	
1004	102	85	226	
1005	99	85	227	
1006	99	85	226	
1007	101	86	226	
1008	102	86	228	
1009	100	85	229	
1010	98	84	230	
1011	99	84	233	
1012	100	85	238	
1013	101	86	237	
1014	103	87	233	
1015	103	87	232	
1016	102	87	234	
1017	100	87	235	
1018	99	87	235	
1019	100	86	235	
1020	98	84	234	
1021	98	84	233	
1022	99	84	231	
1023	101	85	230	
1024	102	86	233	
1025	99	84	234	
1026	97	84	232	
1027	98	85	228	
1028	97	84	225	
1029	98	85	226	
1030	97	82	232	
1031	97	81	233	
1032	98	83	228	
1033	97	83	225	
1034	97	82	225	
1035	99	84	226	
1036	100	84	226	
1037	100	83	226	
1038	100	84	225	
1039	99	85	227	
1040	98	84	230	
1041	96	81	231	
1042	96	82	233	
1043	96	83	233	
1044	96	83	234	
1045	97	84	235	
1046	98	86	235	
1047	98	87	235	
1048	100	86	233	
1049	101	86	232	
1050	103	87	230	
1051	105	87	230	
1052	103	85	230	
1053	100	85	233	
1054	99	85	236	
1055	99	85	236	
1056	101	86	232	
1057	101	86	232	
1058	100	87	234	
1059	100	87	235	
1060	99	85	233	
1061	98	82	233	
1062	98	82	237	
1063	98	84	236	
1064	99	86	231	
1065	100	87	232	
1066	99	84	234	
1067	99	83	235	
1068	100	85	234	
1069	101	86	233	
1070	100	84	234	
1071	100	82	233	
1072	100	83	231	
1073	98	82	230	
1074	97	83	232	
1075	99	85	233	
1076	101	87	230	
1077	102	87	228	
1078	101	85	225	
1079	99	85	224	
1080	97	85	228	
1081	96	83	231	
1082	97	83	232	
1083	99	83	228	
1084	97	81	221	
1085	98	82	218	
1086	96	81	221	
1087	95	79	221	
1088	97	81	220	
1089	96	82	219	
1090	96	82	219	
1091	96	81	219	
1092	95	82	220	
1093	94	82	221	
1094	92	81	220	
1095	94	83	220	
1096	95	83	220	
1097	96	82	220	
1098	97	84	221	
1099	96	83	219	
1100	94	80	217	
1101	95	80	216	
1102	95	81	218	
1103	94	81	216	
1104	94	80	212	
1105	94	80	209	
1106	94	80	209	
1107	93	78	209	
1108	95	80	209	
1109	96	81	212	
1110	96	80	213	
1111	96	80	218	
1112	98	81	221	
1113	98	79	225	
1114	99	80	227	
1115	101	83	228	
1116	101	84	225	
1117	99	82	225	
1118	99	85	226	
1119	100	87	229	
1120	99	85	229	
1121	98	83	230	
1122	100	85	231	
1123	99	84	233	
1124	96	81	235	
1125	97	83	235	
1126	98	87	234	
1127	98	88	232	
1128	99	87	232	
1129	99	86	232	
1130	99	85	232	
1131	99	84	232	
1132	99	84	232	
1133	98	84	230	
1134	97	82	228	
1135	97	81	225	
1136	99	82	226	
1137	101	83	224	
1138	101	83	222	
1139	100	83	221	
1140	97	83	222	
1141	97	84	223	
1142	97	85	224	
1143	95	85	225	
1144	94	84	227	
1145	94	83	224	
1146	95	82	219	
1147	96	80	212	
1148	93	77	210	
1149	91	76	203	
1150	87	75	200	
1151	85	73	191	
1152	83	72	184	
1153	81	69	177	
1154	80	68	179	
1155	81	68	177	
1156	79	65	176	
1157	80	63	172	
1158	79	62	168	
1159	78	60	164	
1160	78	63	165	
1161	76	61	159	
1162	72	57	152	
1163	75	59	146	
1164	74	58	143	
1165	73	58	146	
1166	72	58	151	
1167	72	58	156	
1168	73	59	156	
1169	76	62	158	
1170	79	66	162	
1171	77	67	165	
1172	78	67	165	
1173	81	67	170	
1174	84	70	176	
1175	86	73	184	
1176	85	73	185	
1177	84	74	192	
1178	87	76	198	
1179	87	74	201	
1180	90	74	202	
1181	92	75	202	
1182	92	75	201	
1183	91	74	201	
1184	93	76	202	
1185	93	77	201	
1186	93	76	198	
1187	94	78	198	
1188	92	77	201	
1189	92	76	203	
1190	92	76	203	
1191	89	75	204	
1192	90	76	207	
1193	90	76	208	
1194	90	75	206	
1195	92	78	205	
1196	91	78	207	
1197	90	77	206	
1198	90	77	204	
1199	89	77	203	
1200	90	77	204	
1201	91	77	203	
1202	92	78	203	
1203	92	77	200	
1204	94	78	196	
1205	95	81	198	
1206	96	81	204	
1207	96	80	211	
1208	95	77	214	
1209	96	78	215	
1210	96	80	212	
1211	92	80	212	
1212	92	80	214	
1213	93	81	216	
1214	94	81	218	
1215	93	79	218	
1216	94	79	219	
1217	96	80	216	
1218	96	78	211	
1219	98	79	210	
1220	95	79	212	
1221	91	78	213	
1222	91	78	213	
1223	92	77	212	
1224	92	77	210	
1225	93	78	205	
1226	91	77	201	
1227	91	77	197	
1228	91	76	199	
1229	89	74	199	
1230	89	74	202	
1231	90	74	200	
1232	87	73	196	
1233	87	74	191	
1234	86	75	190	
1235	83	72	186	
1236	83	72	184	
1237	87	73	184	
1238	86	71	185	
1239	85	71	186	
1240	86	72	186	
1241	86	72	185	
1242	88	74	186	
1243	90	78	191	
1244	91	78	194	
1245	90	74	197	
1246	93	76	198	
1247	93	77	200	
1248	90	74	199	
1249	89	74	199	
1250	89	75	199	
1251	89	75	200	
1252	89	75	205	
1253	89	75	206	
1254	90	76	204	
1255	90	76	202	
1256	91	77	201	
1257	91	78	201	
1258	91	77	203	
1259	92	78	205	
1260	91	78	204	
1261	88	78	204	
1262	88	78	205	
1263	88	77	207	
1264	88	75	209	
1265	88	77	207	
1266	90	79	201	
1267	91	77	197	
1268	90	76	199	
1269	90	75	200	
1270	88	73	201	
1271	87	74	200	
1272	88	75	198	
1273	88	75	196	
1274	89	75	194	
1275	91	76	197	
1276	92	75	202	
1277	91	76	207	
1278	92	77	211	
1279	92	77	209	
