Pos	Red	Green	Blue	
0	99	78	212	
1	98	77	210	
2	97	77	210	
3	96	76	210	
4	93	74	213	
5	94	75	211	
6	93	76	209	
7	91	74	203	
8	90	72	197	
9	93	71	190	
10	92	71	189	
11	89	71	190	
12	86	72	195	
13	84	69	193	
14	82	67	187	
15	85	70	183	
16	83	67	181	
17	80	62	175	
18	76	60	172	
19	75	60	161	
20	71	59	156	
21	69	56	146	
22	65	54	143	
23	64	53	134	
24	63	51	127	
25	63	49	121	
26	64	49	124	
27	63	49	123	
28	62	49	121	
29	62	46	117	
30	59	43	113	
31	57	43	109	
32	55	42	103	
33	58	46	103	
34	58	47	108	
35	55	42	105	
36	54	40	101	
37	55	38	97	
38	56	40	95	
39	56	41	96	
40	52	39	97	
41	49	38	96	
42	49	39	95	
43	53	41	93	
44	53	39	90	
45	50	38	87	
46	51	40	89	
47	52	41	88	
48	54	41	90	
49	54	40	91	
50	52	37	93	
51	51	38	96	
52	50	37	96	
53	50	36	92	
54	50	36	87	
55	50	36	86	
56	49	38	90	
57	48	39	93	
58	50	39	92	
59	51	39	96	
60	52	39	101	
61	52	39	102	
62	54	39	98	
63	55	37	88	
64	56	39	83	
65	54	41	84	
66	51	40	90	
67	53	41	95	
68	50	38	91	
69	49	36	91	
70	49	37	91	
71	49	39	88	
72	51	37	81	
73	52	33	76	
74	55	36	80	
75	52	38	86	
76	51	37	89	
77	52	38	91	
78	53	40	93	
79	50	39	92	
80	49	39	90	
81	53	39	88	
82	56	41	88	
83	55	41	88	
84	58	43	88	
85	60	44	90	
86	59	42	91	
87	58	42	90	
88	57	42	87	
89	56	40	87	
90	57	41	90	
91	57	40	90	
92	57	40	89	
93	58	41	93	
94	58	41	97	
95	59	43	97	
96	61	43	92	
97	60	41	91	
98	59	40	98	
99	56	38	97	
100	54	37	91	
101	55	41	91	
102	55	41	91	
103	55	41	96	
104	56	43	101	
105	56	43	101	
106	56	42	95	
107	57	41	87	
108	55	40	84	
109	52	40	82	
110	49	39	84	
111	47	36	85	
112	47	33	82	
113	50	33	83	
114	52	34	86	
115	52	35	85	
116	54	37	85	
117	53	38	87	
118	53	38	89	
119	52	39	87	
120	51	38	80	
121	52	37	81	
122	55	40	91	
123	56	40	95	
124	58	41	95	
125	58	40	93	
126	58	39	92	
127	59	41	93	
128	58	42	93	
129	60	45	99	
130	62	45	105	
131	61	43	107	
132	63	42	103	
133	67	45	107	
134	70	47	112	
135	71	48	120	
136	78	50	123	
137	81	51	133	
138	88	56	143	
139	90	59	149	
140	95	61	148	
141	97	65	158	
142	105	68	167	
143	112	69	178	
144	119	72	180	
145	119	75	190	
146	122	77	194	
147	125	79	201	
148	129	81	203	
149	129	80	208	
150	130	80	209	
151	129	80	214	
152	129	80	219	
153	129	80	217	
154	131	81	209	
155	134	82	207	
156	132	82	212	
157	131	82	217	
158	130	82	219	
159	130	81	216	
160	131	80	211	
161	131	80	209	
162	131	81	212	
163	131	81	214	
164	131	81	214	
165	131	82	214	
166	131	82	214	
167	130	81	215	
168	128	78	215	
169	128	78	214	
170	130	78	212	
171	133	78	207	
172	135	77	203	
173	134	76	204	
174	132	79	209	
175	130	81	212	
176	129	80	208	
177	131	80	207	
178	131	80	209	
179	130	80	215	
180	130	79	219	
181	131	79	220	
182	132	80	218	
183	131	80	216	
184	131	79	216	
185	131	80	215	
186	133	82	215	
187	134	82	217	
188	134	80	217	
189	135	82	220	
190	135	83	221	
191	135	83	219	
192	135	83	215	
193	132	82	216	
194	130	81	222	
195	132	83	224	
196	134	85	223	
197	135	84	219	
198	134	82	216	
199	133	82	214	
200	133	83	213	
201	132	82	212	
202	130	81	215	
203	129	81	214	
204	127	78	209	
205	128	78	207	
206	130	80	208	
207	129	79	208	
208	129	78	209	
209	127	79	209	
210	126	80	205	
211	126	81	203	
212	126	80	205	
213	127	79	205	
214	125	75	204	
215	123	75	202	
216	123	77	201	
217	123	76	197	
218	121	74	195	
219	123	74	191	
220	122	75	190	
221	121	76	192	
222	121	75	194	
223	122	75	196	
224	123	77	197	
225	120	76	198	
226	119	75	201	
227	122	77	200	
228	126	79	196	
229	126	77	192	
230	128	78	192	
231	128	80	197	
232	127	79	201	
233	125	77	206	
234	126	77	211	
235	127	79	212	
236	131	82	211	
237	130	84	215	
238	131	83	219	
239	132	82	222	
240	133	81	222	
241	132	82	221	
242	131	80	220	
243	133	81	218	
244	135	82	215	
245	135	82	213	
246	135	83	214	
247	132	83	214	
248	130	81	213	
249	131	82	216	
250	132	82	219	
251	132	83	221	
252	134	81	221	
253	135	80	220	
254	136	81	221	
255	134	83	222	
256	135	84	222	
257	134	83	221	
258	133	81	219	
259	135	81	215	
260	134	81	213	
261	131	79	212	
262	129	78	213	
263	129	79	211	
264	129	80	207	
265	129	80	204	
266	129	78	205	
267	131	78	205	
268	132	79	204	
269	130	79	203	
270	128	80	200	
271	125	79	202	
272	120	76	206	
273	119	75	205	
274	115	73	200	
275	113	72	193	
276	111	73	190	
277	110	70	182	
278	105	67	177	
279	104	67	167	
280	95	64	162	
281	90	60	147	
282	79	55	137	
283	74	51	118	
284	67	49	114	
285	66	47	103	
286	61	45	102	
287	56	43	103	
288	55	41	101	
289	59	41	100	
290	59	40	100	
291	59	43	100	
292	58	44	100	
293	57	41	99	
294	57	39	97	
295	57	39	98	
296	58	41	100	
297	59	43	102	
298	60	44	101	
299	63	45	104	
300	61	43	105	
301	58	43	104	
302	57	45	102	
303	57	46	100	
304	60	48	102	
305	61	47	103	
306	61	46	105	
307	62	47	109	
308	60	47	111	
309	58	47	114	
310	59	48	115	
311	58	47	116	
312	60	47	117	
313	64	50	121	
314	63	49	121	
315	63	51	127	
316	66	54	131	
317	66	53	137	
318	70	57	146	
319	68	57	150	
320	68	55	149	
321	71	58	151	
322	72	60	154	
323	70	62	157	
324	73	64	158	
325	76	64	162	
326	78	65	164	
327	77	64	164	
328	77	65	163	
329	79	65	161	
330	79	64	157	
331	77	63	162	
332	78	64	170	
333	79	66	176	
334	79	66	174	
335	79	66	173	
336	81	67	170	
337	82	68	171	
338	82	67	174	
339	82	68	178	
340	82	67	181	
341	81	65	183	
342	83	69	183	
343	83	70	183	
344	82	69	180	
345	84	73	181	
346	84	73	180	
347	82	71	181	
348	83	70	183	
349	84	70	185	
350	85	70	184	
351	83	68	185	
352	82	69	188	
353	82	71	190	
354	81	70	190	
355	82	70	189	
356	82	69	188	
357	81	69	187	
358	85	76	188	
359	84	75	188	
360	83	71	189	
361	83	71	190	
362	82	70	188	
363	83	71	187	
364	81	69	184	
365	81	69	183	
366	83	72	184	
367	82	70	184	
368	85	71	184	
369	85	72	186	
370	88	76	188	
371	88	75	190	
372	84	71	190	
373	84	73	194	
374	84	73	196	
375	85	71	194	
376	85	69	191	
377	86	71	192	
378	85	72	194	
379	84	70	193	
380	85	71	190	
381	84	72	190	
382	85	72	194	
383	86	72	197	
384	87	72	198	
385	86	73	198	
386	87	74	194	
387	88	74	192	
388	88	74	192	
389	88	75	195	
390	89	76	199	
391	90	74	201	
392	89	73	199	
393	87	74	202	
394	85	72	206	
395	87	74	206	
396	90	78	203	
397	89	79	203	
398	89	80	208	
399	90	80	207	
400	90	78	203	
401	90	78	202	
402	89	76	204	
403	89	76	203	
404	89	75	201	
405	89	77	205	
406	90	78	209	
407	90	76	211	
408	91	76	208	
409	90	77	209	
410	91	78	211	
411	91	78	213	
412	91	77	214	
413	91	76	215	
414	91	75	214	
415	94	77	214	
416	94	78	213	
417	90	76	211	
418	90	78	210	
419	89	78	207	
420	88	76	205	
421	89	77	206	
422	89	76	208	
423	89	76	208	
424	90	76	206	
425	90	75	203	
426	93	78	204	
427	93	78	205	
428	92	77	205	
429	92	77	208	
430	91	77	209	
431	91	78	210	
432	91	78	208	
433	93	78	208	
434	92	75	209	
435	91	75	211	
436	92	77	217	
437	93	78	215	
438	94	80	211	
439	90	78	208	
440	89	76	206	
441	91	78	203	
442	92	79	199	
443	91	79	201	
444	89	77	206	
445	89	75	207	
446	89	76	203	
447	91	79	205	
448	91	79	209	
449	90	77	209	
450	94	77	207	
451	96	78	209	
452	96	79	216	
453	95	80	217	
454	94	80	212	
455	96	80	208	
456	94	78	209	
457	93	78	213	
458	93	78	215	
459	94	77	217	
460	94	77	218	
461	94	78	216	
462	95	79	213	
463	95	80	212	
464	95	80	213	
465	96	80	214	
466	95	81	215	
467	93	81	216	
468	93	80	218	
469	95	80	219	
470	96	81	216	
471	97	82	218	
472	95	81	221	
473	92	80	222	
474	92	79	220	
475	93	80	221	
476	94	81	224	
477	96	81	222	
478	96	80	216	
479	97	81	213	
480	96	83	216	
481	94	83	220	
482	93	82	220	
483	93	80	221	
484	94	79	221	
485	95	79	221	
486	96	79	220	
487	98	79	222	
488	97	79	223	
489	96	78	225	
490	96	80	228	
491	95	80	229	
492	95	79	225	
493	97	80	222	
494	99	82	219	
495	98	81	217	
496	99	82	216	
497	99	81	216	
498	98	79	219	
499	97	78	221	
500	95	78	223	
501	94	78	220	
502	93	78	216	
503	94	78	214	
504	91	77	213	
505	89	76	214	
506	89	77	217	
507	91	78	217	
508	92	76	214	
509	93	77	213	
510	93	78	211	
511	93	80	209	
512	93	78	209	
513	92	78	211	
514	95	79	214	
515	95	79	216	
516	97	80	214	
517	97	81	216	
518	97	82	221	
519	98	84	227	
520	99	84	231	
521	99	83	233	
522	99	83	234	
523	98	83	233	
524	98	84	232	
525	97	84	233	
526	97	81	232	
527	98	81	234	
528	98	81	236	
529	97	83	234	
530	96	84	229	
531	96	85	225	
532	97	85	223	
533	98	84	224	
534	99	85	227	
535	100	85	229	
536	99	84	226	
537	100	85	223	
538	102	86	220	
539	101	86	220	
540	100	85	222	
541	99	85	226	
542	99	85	229	
543	98	84	230	
544	99	84	228	
545	98	82	227	
546	97	82	228	
547	98	85	230	
548	95	82	230	
549	96	81	233	
550	98	83	237	
551	99	83	238	
552	101	85	236	
553	100	85	235	
554	99	84	234	
555	101	87	234	
556	102	87	234	
557	100	87	237	
558	100	87	241	
559	100	86	241	
560	100	85	240	
561	100	86	237	
562	99	86	236	
563	99	86	237	
564	99	86	239	
565	99	83	239	
566	99	81	238	
567	100	84	236	
568	100	85	238	
569	100	86	238	
570	101	86	236	
571	100	85	236	
572	100	85	236	
573	98	83	235	
574	97	84	234	
575	100	86	234	
576	101	86	233	
577	101	85	234	
578	102	86	235	
579	100	86	236	
580	101	87	235	
581	100	87	237	
582	99	85	239	
583	99	84	239	
584	99	84	236	
585	100	85	234	
586	100	87	235	
587	98	86	233	
588	98	84	229	
589	99	84	229	
590	100	85	233	
591	99	84	237	
592	97	82	237	
593	96	83	238	
594	99	85	238	
595	99	84	238	
596	100	85	239	
597	100	86	241	
598	98	83	241	
599	99	82	241	
600	99	83	241	
601	98	83	242	
602	99	86	243	
603	98	87	242	
604	99	86	241	
605	101	87	238	
606	101	86	236	
607	101	84	234	
608	100	84	234	
609	100	84	233	
610	99	84	231	
611	97	84	234	
612	97	84	239	
613	99	84	239	
614	101	85	234	
615	101	86	233	
616	101	86	234	
617	100	86	237	
618	100	86	240	
619	101	88	240	
620	101	87	236	
621	105	88	233	
622	105	89	232	
623	101	86	234	
624	100	86	235	
625	101	86	239	
626	101	87	245	
627	102	89	245	
628	101	88	242	
629	100	86	239	
630	100	87	240	
631	100	88	240	
632	99	86	240	
633	99	87	238	
634	101	90	237	
635	100	87	239	
636	100	86	243	
637	100	84	245	
638	100	83	244	
639	102	85	243	
640	102	87	243	
641	101	87	242	
642	101	87	240	
643	101	87	240	
644	101	87	243	
645	100	87	244	
646	100	87	243	
647	100	87	244	
648	99	85	245	
649	100	86	243	
650	101	87	238	
651	100	85	232	
652	100	84	229	
653	99	86	227	
654	97	85	229	
655	95	82	228	
656	94	81	226	
657	96	80	222	
658	93	78	217	
659	93	77	210	
660	90	76	205	
661	88	73	197	
662	86	73	195	
663	87	72	185	
664	83	68	178	
665	82	66	169	
666	78	65	168	
667	74	60	159	
668	71	58	151	
669	70	57	144	
670	68	55	145	
671	67	54	146	
672	67	55	145	
673	69	56	143	
674	68	55	140	
675	67	55	142	
676	69	58	146	
677	70	60	153	
678	72	60	158	
679	74	61	162	
680	77	62	163	
681	77	62	167	
682	80	66	172	
683	80	70	179	
684	82	71	182	
685	82	71	186	
686	84	70	186	
687	87	74	192	
688	89	74	194	
689	90	72	200	
690	92	73	204	
691	90	75	208	
692	91	77	209	
693	92	77	212	
694	94	77	212	
695	94	77	214	
696	95	79	216	
697	94	80	219	
698	94	79	223	
699	95	80	226	
700	99	83	224	
701	100	86	226	
702	103	87	227	
703	102	86	231	
704	102	84	236	
705	100	83	239	
706	101	85	238	
707	103	86	239	
708	103	85	239	
709	103	86	241	
710	105	88	242	
711	105	89	242	
712	105	88	241	
713	106	88	240	
714	104	88	242	
715	101	88	243	
716	100	88	242	
717	100	87	241	
718	103	88	239	
719	104	87	239	
720	104	86	242	
721	101	85	240	
722	102	87	236	
723	104	88	231	
724	103	86	228	
725	103	85	228	
726	101	82	231	
727	98	82	238	
728	99	83	243	
729	99	83	244	
730	99	84	243	
731	100	88	239	
732	101	90	235	
733	102	89	231	
734	104	90	229	
735	102	90	233	
736	101	89	237	
737	103	91	243	
738	103	90	246	
739	103	89	246	
740	105	88	243	
741	104	88	241	
742	105	88	241	
743	105	89	242	
744	105	89	244	
745	104	88	246	
746	103	87	248	
747	102	87	249	
748	101	86	251	
749	102	86	251	
750	103	87	252	
751	104	89	251	
752	103	89	248	
753	104	90	247	
754	105	91	248	
755	103	88	248	
756	103	88	249	
757	104	90	247	
758	105	92	243	
759	106	91	243	
760	106	87	247	
761	106	87	249	
762	107	89	249	
763	106	88	247	
764	105	88	245	
765	105	88	245	
766	103	88	247	
767	103	88	248	
768	102	88	249	
769	103	88	248	
770	106	88	244	
771	107	87	243	
772	107	88	245	
773	107	89	245	
774	105	90	242	
775	104	92	241	
776	104	92	243	
777	102	90	242	
778	103	90	241	
779	104	90	242	
780	104	89	245	
781	104	89	244	
782	104	89	242	
783	105	90	239	
784	104	88	238	
785	105	88	239	
786	104	86	241	
787	102	84	245	
788	101	84	247	
789	101	85	246	
790	102	87	243	
791	102	87	240	
792	104	88	240	
793	104	89	241	
794	103	88	243	
795	103	87	243	
796	103	86	244	
797	102	85	244	
798	102	87	243	
799	103	90	244	
800	102	88	244	
801	103	86	247	
802	104	86	250	
803	104	86	250	
804	105	87	247	
805	106	88	244	
806	105	89	243	
807	103	89	245	
808	103	90	250	
809	103	89	251	
810	104	88	247	
811	105	88	246	
812	107	89	246	
813	107	90	250	
814	108	92	254	
815	108	92	255	
816	108	92	255	
817	107	91	255	
818	106	90	255	
819	108	91	255	
820	108	92	255	
821	105	92	255	
822	107	94	255	
823	108	93	255	
824	108	91	255	
825	105	90	255	
826	105	91	255	
827	107	93	255	
828	107	92	255	
829	106	90	255	
830	106	90	255	
831	107	92	255	
832	107	92	254	
833	107	92	252	
834	108	92	250	
835	108	91	251	
836	107	92	255	
837	106	92	255	
838	106	92	254	
839	107	93	253	
840	105	92	254	
841	105	91	254	
842	105	89	252	
843	106	89	249	
844	107	91	247	
845	107	91	248	
846	105	89	252	
847	105	90	254	
848	106	91	254	
849	106	92	252	
850	105	91	250	
851	102	90	250	
852	103	91	250	
853	105	91	253	
854	107	91	253	
855	107	91	255	
856	108	92	255	
857	107	91	255	
858	105	90	255	
859	102	91	255	
860	104	93	255	
861	108	93	255	
862	109	92	253	
863	110	93	252	
864	109	92	251	
865	109	92	252	
866	111	96	255	
867	110	95	255	
868	108	93	254	
869	107	93	255	
870	106	92	255	
871	106	93	255	
872	107	92	255	
873	107	91	254	
874	109	91	254	
875	110	91	253	
876	111	91	253	
877	109	90	254	
878	109	92	255	
879	108	92	255	
880	107	92	255	
881	106	91	255	
882	105	90	254	
883	107	91	250	
884	108	91	247	
885	107	91	244	
886	108	91	245	
887	109	92	248	
888	108	91	250	
889	104	88	252	
890	103	87	251	
891	104	88	247	
892	106	90	244	
893	107	90	241	
894	107	88	242	
895	108	88	245	
896	107	89	244	
897	105	88	245	
898	105	89	246	
899	108	90	247	
900	108	90	248	
901	106	90	249	
902	106	91	249	
903	107	92	252	
904	109	93	252	
905	111	94	255	
906	112	94	255	
907	112	93	255	
908	113	95	255	
909	113	95	255	
910	111	93	255	
911	113	94	255	
912	112	96	255	
913	111	96	255	
914	112	96	255	
915	113	95	255	
916	114	96	255	
917	113	95	255	
918	110	93	255	
919	107	92	255	
920	107	94	255	
921	109	97	255	
922	108	95	255	
923	109	94	255	
924	110	94	255	
925	109	92	255	
926	108	90	255	
927	107	90	255	
928	108	92	255	
929	109	93	255	
930	108	94	255	
931	109	94	255	
932	107	91	255	
933	107	89	255	
934	109	92	252	
935	109	93	252	
936	108	91	252	
937	109	91	253	
938	107	88	255	
939	106	87	251	
940	106	90	246	
941	102	88	241	
942	99	87	242	
943	100	87	238	
944	98	84	233	
945	99	83	224	
946	97	81	220	
947	97	80	211	
948	95	78	205	
949	95	78	198	
950	93	77	196	
951	93	76	192	
952	91	74	189	
953	90	71	188	
954	89	71	190	
955	88	72	190	
956	86	72	188	
957	87	72	184	
958	86	69	182	
959	84	68	182	
960	83	68	185	
961	83	69	187	
962	83	70	185	
963	83	71	185	
964	85	72	183	
965	83	70	188	
966	86	72	195	
967	89	75	200	
968	91	75	197	
969	90	74	201	
970	92	77	206	
971	93	78	212	
972	95	79	214	
973	97	81	217	
974	100	84	218	
975	98	85	222	
976	98	86	223	
977	99	87	229	
978	99	85	235	
979	98	85	239	
980	101	88	239	
981	102	88	239	
982	103	88	241	
983	104	89	243	
984	104	88	241	
985	104	88	243	
986	105	88	246	
987	102	86	247	
988	103	89	247	
989	105	90	247	
990	106	88	246	
991	107	88	245	
992	109	89	245	
993	108	90	244	
994	106	89	244	
995	105	88	247	
996	105	88	251	
997	107	90	253	
998	110	93	251	
999	109	92	251	
1000	109	92	252	
1001	108	91	253	
1002	108	91	254	
1003	108	90	253	
1004	106	89	250	
1005	108	90	245	
1006	108	90	241	
1007	108	90	239	
1008	106	89	241	
1009	106	90	244	
1010	105	91	245	
1011	104	88	246	
1012	104	89	245	
1013	104	90	242	
1014	103	88	240	
1015	103	86	240	
1016	103	87	242	
1017	105	89	243	
1018	105	91	242	
1019	104	91	242	
1020	102	89	241	
1021	101	88	243	
1022	103	89	245	
1023	105	90	243	
1024	107	91	240	
1025	106	92	240	
1026	105	91	243	
1027	105	90	245	
1028	105	90	245	
1029	104	90	248	
1030	103	88	250	
1031	104	88	250	
1032	106	90	248	
1033	108	92	248	
1034	107	91	250	
1035	106	90	253	
1036	108	92	254	
1037	108	91	252	
1038	108	90	250	
1039	106	89	249	
1040	104	88	252	
1041	103	87	255	
1042	104	89	255	
1043	107	91	255	
1044	108	89	250	
1045	108	88	247	
1046	107	89	247	
1047	106	91	246	
1048	104	91	245	
1049	106	90	245	
1050	107	90	249	
1051	106	89	252	
1052	105	90	252	
1053	105	91	253	
1054	103	90	254	
1055	103	90	252	
1056	104	90	247	
1057	105	90	246	
1058	106	90	247	
1059	105	89	247	
1060	105	87	247	
1061	105	86	245	
1062	106	88	244	
1063	105	88	242	
1064	102	87	239	
1065	102	87	237	
1066	101	87	237	
1067	101	87	237	
1068	101	85	238	
1069	102	83	237	
1070	102	82	235	
1071	103	84	234	
1072	102	87	235	
1073	100	86	236	
1074	100	87	236	
1075	101	88	238	
1076	102	88	240	
1077	102	88	242	
1078	102	88	240	
1079	103	89	238	
1080	103	88	237	
1081	102	87	235	
1082	102	87	236	
1083	101	87	234	
1084	100	86	234	
1085	101	87	232	
1086	101	87	230	
1087	99	87	229	
1088	99	88	229	
1089	99	89	231	
1090	99	89	232	
1091	98	87	231	
1092	97	86	229	
1093	97	87	230	
1094	99	86	230	
1095	101	84	231	
1096	103	86	232	
1097	103	90	237	
1098	101	90	241	
1099	102	89	243	
1100	104	88	242	
1101	103	86	241	
1102	106	87	240	
1103	108	89	240	
1104	108	90	242	
1105	105	88	244	
1106	104	86	245	
1107	106	87	246	
1108	106	89	246	
1109	105	88	246	
1110	104	88	246	
1111	106	91	246	
1112	107	91	244	
1113	107	89	244	
1114	107	89	246	
1115	106	90	246	
1116	105	90	245	
1117	104	89	243	
1118	105	90	243	
1119	104	90	244	
1120	104	88	246	
1121	104	87	246	
1122	104	88	243	
1123	105	90	242	
1124	104	89	243	
1125	103	89	241	
1126	103	89	239	
1127	103	89	237	
1128	104	90	238	
1129	102	88	233	
1130	100	85	228	
1131	101	85	219	
1132	99	83	214	
1133	98	82	213	
1134	95	80	217	
1135	92	79	211	
1136	92	80	203	
1137	92	79	192	
1138	91	78	191	
1139	91	75	188	
1140	88	72	190	
1141	89	73	188	
1142	87	72	183	
1143	85	70	178	
1144	83	68	177	
1145	80	66	175	
1146	78	66	176	
1147	77	65	174	
1148	75	64	171	
1149	78	65	169	
1150	80	66	169	
1151	81	66	171	
1152	82	66	174	
1153	83	67	177	
1154	85	68	178	
1155	85	68	182	
1156	87	72	186	
1157	88	74	192	
1158	87	75	196	
1159	89	76	202	
1160	90	76	206	
1161	90	77	209	
1162	93	80	207	
1163	94	81	209	
1164	94	79	211	
1165	95	81	215	
1166	96	81	217	
1167	97	82	215	
1168	98	82	212	
1169	95	81	212	
1170	95	82	219	
1171	98	84	221	
1172	97	83	219	
1173	95	82	217	
1174	95	83	215	
1175	95	81	216	
1176	96	81	218	
1177	94	81	218	
1178	96	84	215	
1179	97	84	213	
1180	97	82	216	
1181	98	84	218	
1182	98	85	218	
1183	97	85	219	
1184	97	85	219	
1185	98	84	218	
1186	98	84	219	
1187	96	83	219	
1188	96	82	218	
1189	97	83	221	
1190	98	83	223	
1191	98	82	226	
1192	98	82	227	
1193	100	83	228	
1194	102	85	230	
1195	101	84	229	
1196	99	82	228	
1197	99	84	226	
1198	100	86	225	
1199	101	87	225	
1200	102	86	227	
1201	101	85	227	
1202	101	86	227	
1203	101	86	225	
1204	100	85	224	
1205	99	84	222	
1206	99	84	222	
1207	100	83	224	
1208	97	80	228	
1209	98	82	227	
1210	97	82	219	
1211	97	81	214	
1212	98	83	216	
1213	95	81	217	
1214	93	80	218	
1215	95	80	214	
1216	95	81	209	
1217	93	78	204	
1218	91	76	205	
1219	91	74	203	
1220	90	74	203	
1221	92	78	202	
1222	92	80	201	
1223	92	79	204	
1224	93	79	210	
1225	94	79	213	
1226	96	81	212	
1227	96	80	212	
1228	94	80	213	
1229	92	79	215	
1230	92	79	215	
1231	94	79	213	
1232	97	81	212	
1233	98	82	212	
1234	96	81	213	
1235	95	82	215	
1236	95	81	215	
1237	97	80	216	
1238	97	80	215	
1239	95	81	215	
1240	94	81	216	
1241	95	80	216	
1242	98	82	216	
1243	100	87	219	
1244	100	87	223	
1245	96	82	221	
1246	96	81	217	
1247	98	82	214	
1248	98	83	214	
1249	96	82	215	
1250	95	82	214	
1251	95	81	212	
1252	96	81	209	
1253	96	81	208	
1254	95	82	211	
1255	95	81	212	
1256	97	82	212	
1257	100	83	213	
1258	99	82	215	
1259	98	82	215	
1260	97	81	212	
1261	97	81	213	
1262	97	81	216	
1263	95	81	218	
1264	97	83	219	
1265	97	83	220	
1266	99	83	220	
1267	102	85	222	
1268	101	84	224	
1269	101	86	227	
1270	100	87	229	
1271	99	86	232	
1272	100	86	234	
1273	99	84	235	
1274	100	85	236	
1275	101	85	236	
1276	101	85	234	
1277	102	87	234	
1278	102	88	236	
1279	100	87	236	
