Pos	Red	Green	Blue	
0	43	16	9	
1	46	21	16	
2	48	26	31	
3	44	24	25	
4	43	20	3	
5	43	18	0	
6	46	19	0	
7	47	22	5	
8	47	21	12	
9	46	20	8	
10	45	23	0	
11	45	23	0	
12	38	14	4	
13	36	9	1	
14	42	14	0	
15	45	18	0	
16	46	19	0	
17	41	13	0	
18	42	14	0	
19	44	16	0	
20	38	11	0	
21	36	13	0	
22	37	15	0	
23	41	17	0	
24	44	17	0	
25	45	18	0	
26	43	17	0	
27	34	13	0	
28	31	13	0	
29	31	13	0	
30	32	14	0	
31	34	13	3	
32	36	14	10	
33	33	10	2	
34	34	12	0	
35	34	15	0	
36	32	13	0	
37	34	12	0	
38	35	11	0	
39	36	8	0	
40	40	13	0	
41	43	17	0	
42	36	11	0	
43	30	7	0	
44	33	13	0	
45	38	16	0	
46	39	14	0	
47	41	18	0	
48	44	19	0	
49	46	18	0	
50	55	26	0	
51	60	30	1	
52	52	22	0	
53	47	19	0	
54	43	20	0	
55	37	15	0	
56	34	12	0	
57	38	14	0	
58	41	14	0	
59	44	13	0	
60	44	14	0	
61	44	18	0	
62	42	16	0	
63	42	16	0	
64	43	16	0	
65	40	15	0	
66	43	16	0	
67	46	19	0	
68	46	19	0	
69	42	12	0	
70	39	11	0	
71	40	14	0	
72	39	14	0	
73	36	14	0	
74	44	27	4	
75	44	28	8	
76	37	15	6	
77	38	14	8	
78	42	15	5	
79	43	13	0	
80	43	9	0	
81	43	9	0	
82	42	15	0	
83	42	21	0	
84	38	17	0	
85	33	8	0	
86	33	5	0	
87	38	9	0	
88	37	10	0	
89	35	15	0	
90	42	21	0	
91	44	16	0	
92	44	12	0	
93	45	15	0	
94	43	17	0	
95	42	17	0	
96	41	15	0	
97	41	13	0	
98	45	20	0	
99	43	18	0	
100	39	13	0	
101	39	13	0	
102	39	12	0	
103	34	11	0	
104	36	10	0	
105	45	14	0	
106	47	13	0	
107	46	15	0	
108	53	22	6	
109	58	24	3	
110	59	24	0	
111	53	20	0	
112	49	20	0	
113	47	17	0	
114	45	14	0	
115	48	16	0	
116	48	16	0	
117	45	16	0	
118	44	15	0	
119	46	19	0	
120	45	19	0	
121	42	13	0	
122	42	14	0	
123	50	23	0	
124	54	24	0	
125	55	25	0	
126	53	23	0	
127	47	16	0	
128	42	14	0	
129	43	15	0	
130	40	15	0	
131	34	9	0	
132	33	5	0	
133	36	6	0	
134	41	15	0	
135	38	13	0	
136	31	7	0	
137	35	13	0	
138	40	15	0	
139	41	14	0	
140	45	16	0	
141	50	26	0	
142	50	26	0	
143	48	22	0	
144	51	22	0	
145	51	22	0	
146	48	20	0	
147	48	20	0	
148	53	26	0	
149	56	22	0	
150	60	24	0	
151	62	27	8	
152	60	27	12	
153	59	27	9	
154	60	28	3	
155	59	27	0	
156	55	24	0	
157	53	24	0	
158	53	25	0	
159	55	24	0	
160	57	24	0	
161	59	25	0	
162	61	24	0	
163	65	24	0	
164	71	28	0	
165	69	26	0	
166	74	33	2	
167	76	35	5	
168	70	26	0	
169	70	30	3	
170	69	33	5	
171	66	28	3	
172	59	26	5	
173	50	21	0	
174	43	18	0	
175	47	20	0	
176	46	17	0	
177	41	11	0	
178	42	15	0	
179	44	22	0	
180	40	20	0	
181	36	13	0	
182	35	13	0	
183	35	14	0	
184	37	16	0	
185	41	16	0	
186	40	13	0	
187	41	14	0	
188	35	14	0	
189	32	19	0	
190	29	17	0	
191	26	7	0	
192	34	7	0	
193	40	11	0	
194	36	8	0	
195	31	7	0	
196	24	4	0	
197	19	0	0	
198	24	6	0	
199	26	3	0	
200	27	2	0	
201	32	8	0	
202	34	9	0	
203	36	11	0	
204	44	18	0	
205	43	18	0	
206	45	16	0	
207	53	23	0	
208	58	24	0	
209	58	20	0	
210	57	20	0	
211	58	26	3	
212	54	25	5	
213	47	19	0	
214	49	21	0	
215	49	18	0	
216	45	13	0	
217	49	19	5	
218	50	22	6	
219	43	15	3	
220	42	14	5	
221	47	22	8	
222	53	27	2	
223	56	26	0	
224	59	25	3	
225	59	23	1	
226	58	23	0	
227	56	24	6	
228	47	18	13	
229	43	17	9	
230	38	15	0	
231	34	8	0	
232	32	5	0	
233	33	7	0	
234	33	8	0	
235	30	8	0	
236	29	10	0	
237	31	13	0	
238	33	11	0	
239	37	13	0	
240	38	12	0	
241	34	8	0	
242	44	13	0	
243	54	13	0	
244	55	12	0	
245	50	16	1	
246	44	18	1	
247	44	18	0	
248	41	12	0	
249	40	9	0	
250	37	9	0	
251	33	8	0	
252	33	12	0	
253	34	16	0	
254	38	20	0	
255	41	15	0	
256	40	10	0	
257	39	12	0	
258	41	15	0	
259	43	20	0	
260	45	19	0	
261	42	15	0	
262	45	18	0	
263	46	20	0	
264	46	20	1	
265	45	18	2	
266	47	17	0	
267	52	23	4	
268	57	24	6	
269	56	21	4	
270	61	23	4	
271	68	31	4	
272	70	31	0	
273	68	27	0	
274	72	27	0	
275	77	31	6	
276	100	43	22	
277	121	52	33	
278	138	54	33	
279	140	54	30	
280	148	58	25	
281	147	63	31	
282	147	62	39	
283	149	65	42	
284	152	63	35	
285	148	60	27	
286	146	59	25	
287	147	60	27	
288	152	63	28	
289	159	67	35	
290	180	74	38	
291	191	84	50	
292	212	90	61	
293	222	96	65	
294	236	102	65	
295	239	103	65	
296	243	104	65	
297	244	105	65	
298	244	105	63	
299	243	103	64	
300	241	100	66	
301	241	98	64	
302	243	96	57	
303	244	98	59	
304	244	101	69	
305	243	103	73	
306	246	105	73	
307	247	103	71	
308	250	101	72	
309	253	103	73	
310	253	106	71	
311	251	105	68	
312	249	104	67	
313	250	102	66	
314	247	102	66	
315	246	104	68	
316	243	104	66	
317	242	102	63	
318	242	101	61	
319	241	101	64	
320	243	100	68	
321	247	101	71	
322	251	102	68	
323	251	104	65	
324	254	106	64	
325	255	107	64	
326	255	108	67	
327	255	109	68	
328	254	109	65	
329	252	108	65	
330	251	106	67	
331	252	104	67	
332	253	106	68	
333	253	108	69	
334	254	107	68	
335	255	108	69	
336	255	109	71	
337	255	110	72	
338	255	107	70	
339	255	108	70	
340	255	106	68	
341	255	105	66	
342	255	109	67	
343	255	113	69	
344	255	113	68	
345	255	109	66	
346	255	111	69	
347	255	110	71	
348	254	107	72	
349	255	104	72	
350	255	103	68	
351	255	107	69	
352	255	108	72	
353	255	106	73	
354	254	107	77	
355	253	109	73	
356	254	110	67	
357	254	110	66	
358	254	107	67	
359	255	105	70	
360	255	108	74	
361	254	109	74	
362	255	109	71	
363	255	110	71	
364	255	109	73	
365	255	108	76	
366	255	109	80	
367	255	111	81	
368	255	109	74	
369	255	109	71	
370	255	110	74	
371	255	108	73	
372	255	107	72	
373	255	107	71	
374	255	111	74	
375	255	113	76	
376	255	111	74	
377	255	108	76	
378	255	108	78	
379	255	108	79	
380	255	110	78	
381	255	112	79	
382	255	111	80	
383	255	110	82	
384	255	112	84	
385	255	112	81	
386	255	112	76	
387	255	111	75	
388	255	111	80	
389	255	112	78	
390	255	111	72	
391	255	113	70	
392	255	114	74	
393	255	111	76	
394	255	112	79	
395	255	112	82	
396	255	110	86	
397	255	110	84	
398	255	110	77	
399	255	113	75	
400	255	112	75	
401	255	113	76	
402	255	114	75	
403	255	113	73	
404	255	115	75	
405	255	114	75	
406	255	113	77	
407	255	114	81	
408	255	113	82	
409	255	113	80	
410	255	115	77	
411	255	116	75	
412	255	113	75	
413	255	113	78	
414	255	113	81	
415	255	112	78	
416	255	113	76	
417	255	113	72	
418	255	114	68	
419	255	115	69	
420	255	115	71	
421	255	116	75	
422	255	116	78	
423	255	113	79	
424	255	113	77	
425	255	114	79	
426	255	114	81	
427	255	114	85	
428	255	115	91	
429	255	114	89	
430	255	113	82	
431	255	112	79	
432	255	112	79	
433	255	115	81	
434	255	115	80	
435	255	113	81	
436	255	113	84	
437	255	113	82	
438	255	113	75	
439	255	113	75	
440	255	114	81	
441	255	116	81	
442	255	118	75	
443	255	118	72	
444	255	118	73	
445	255	117	79	
446	255	114	82	
447	255	111	81	
448	255	112	78	
449	255	110	76	
450	254	108	79	
451	255	111	83	
452	255	113	83	
453	255	112	79	
454	255	113	76	
455	255	118	77	
456	255	118	76	
457	255	117	77	
458	255	115	78	
459	255	116	80	
460	255	116	82	
461	255	116	82	
462	255	116	81	
463	255	117	82	
464	255	117	83	
465	255	116	82	
466	255	117	82	
467	255	116	80	
468	255	116	79	
469	255	119	83	
470	255	117	83	
471	255	114	80	
472	255	113	79	
473	255	113	75	
474	255	114	73	
475	255	114	73	
476	255	114	73	
477	255	113	78	
478	255	114	88	
479	255	116	92	
480	255	115	84	
481	255	116	83	
482	255	115	85	
483	255	112	85	
484	255	111	84	
485	255	110	82	
486	255	111	80	
487	249	105	73	
488	227	102	75	
489	216	93	69	
490	189	82	59	
491	174	73	51	
492	149	64	48	
493	136	56	36	
494	117	47	28	
495	108	46	29	
496	90	39	32	
497	84	39	33	
498	80	38	26	
499	78	36	18	
500	78	37	21	
501	75	35	21	
502	75	33	23	
503	78	36	38	
504	79	35	52	
505	77	37	61	
506	75	37	57	
507	79	44	62	
508	82	47	62	
509	79	43	68	
510	82	45	79	
511	86	48	84	
512	93	52	80	
513	99	58	83	
514	104	65	86	
515	104	64	87	
516	104	60	85	
517	106	59	86	
518	108	59	91	
519	106	61	94	
520	111	63	96	
521	110	62	100	
522	109	61	102	
523	108	62	101	
524	102	61	96	
525	98	58	89	
526	95	54	85	
527	97	54	89	
528	99	54	98	
529	104	59	105	
530	110	62	102	
531	113	60	97	
532	116	63	96	
533	117	65	94	
534	108	60	90	
535	99	56	88	
536	90	53	90	
537	82	47	89	
538	82	50	99	
539	84	49	99	
540	83	47	95	
541	84	48	90	
542	85	45	80	
543	89	49	80	
544	100	55	85	
545	106	62	92	
546	121	66	92	
547	132	74	98	
548	142	77	102	
549	144	79	103	
550	141	79	103	
551	133	71	100	
552	120	64	100	
553	110	57	104	
554	103	58	113	
555	102	56	112	
556	102	58	103	
557	103	58	99	
558	102	58	101	
559	98	55	100	
560	96	50	99	
561	95	53	101	
562	100	55	100	
563	105	60	108	
564	107	60	116	
565	110	61	116	
566	111	62	109	
567	110	60	103	
568	110	61	103	
569	111	63	103	
570	120	67	103	
571	130	69	103	
572	141	76	104	
573	146	80	112	
574	144	81	120	
575	136	76	124	
576	125	70	120	
577	118	70	119	
578	112	67	116	
579	111	64	115	
580	106	62	120	
581	101	59	120	
582	99	59	115	
583	101	60	115	
584	102	59	117	
585	105	60	121	
586	114	65	125	
587	121	69	127	
588	127	73	128	
589	128	77	130	
590	126	76	127	
591	122	73	124	
592	115	69	124	
593	112	66	118	
594	110	68	116	
595	107	66	115	
596	101	59	117	
597	97	57	122	
598	95	57	124	
599	95	57	123	
600	96	56	118	
601	97	60	117	
602	102	64	121	
603	107	68	124	
604	119	73	120	
605	126	78	119	
606	134	78	118	
607	138	80	111	
608	140	79	105	
609	140	77	97	
610	142	76	91	
611	143	78	93	
612	145	80	97	
613	146	80	101	
614	146	82	103	
615	146	80	104	
616	140	78	102	
617	136	74	102	
618	131	72	103	
619	129	72	105	
620	132	72	108	
621	137	75	108	
622	143	76	104	
623	143	76	101	
624	143	78	97	
625	141	76	95	
626	143	77	96	
627	150	81	99	
628	157	83	99	
629	164	84	100	
630	171	88	101	
631	174	88	101	
632	174	90	102	
633	172	90	102	
634	163	88	100	
635	152	84	102	
636	136	76	108	
637	124	71	113	
638	112	65	114	
639	109	63	117	
640	105	63	122	
641	103	63	122	
642	102	64	118	
643	102	61	113	
644	103	63	116	
645	106	68	120	
646	109	69	123	
647	114	69	124	
648	118	70	121	
649	119	73	122	
650	119	74	127	
651	115	68	128	
652	111	66	128	
653	110	70	126	
654	108	68	120	
655	107	64	118	
656	105	65	125	
657	103	65	127	
658	101	63	123	
659	101	62	121	
660	103	62	122	
661	105	66	126	
662	110	66	128	
663	113	66	128	
664	116	67	126	
665	117	71	126	
666	117	71	126	
667	116	67	123	
668	111	64	127	
669	106	61	130	
670	99	62	132	
671	99	62	129	
672	100	62	124	
673	102	60	110	
674	102	58	100	
675	100	56	91	
676	94	52	91	
677	93	51	85	
678	92	50	78	
679	92	50	71	
680	91	47	67	
681	90	44	65	
682	88	43	69	
683	87	43	70	
684	84	44	70	
685	85	44	68	
686	86	45	67	
687	86	43	62	
688	87	40	58	
689	88	42	58	
690	95	46	62	
691	101	49	68	
692	105	53	73	
693	105	54	71	
694	105	54	62	
695	105	54	61	
696	105	53	69	
697	105	55	75	
698	118	62	76	
699	128	61	72	
700	140	64	66	
701	146	68	70	
702	158	71	75	
703	170	79	81	
704	189	91	82	
705	198	97	86	
706	211	98	88	
707	215	101	90	
708	231	105	89	
709	239	111	92	
710	252	111	92	
711	255	116	97	
712	255	115	98	
713	255	116	97	
714	255	120	99	
715	255	119	97	
716	255	115	96	
717	255	114	95	
718	251	112	92	
719	245	107	86	
720	221	101	86	
721	203	89	77	
722	166	75	72	
723	144	62	63	
724	114	55	62	
725	107	49	58	
726	97	44	54	
727	97	42	47	
728	96	40	40	
729	96	40	38	
730	109	41	41	
731	122	45	49	
732	153	52	56	
733	173	57	64	
734	198	58	63	
735	207	60	68	
736	211	61	71	
737	207	62	70	
738	207	63	67	
739	209	62	63	
740	208	62	63	
741	206	60	62	
742	207	60	60	
743	211	61	62	
744	214	58	61	
745	213	59	63	
746	218	62	64	
747	221	65	70	
748	225	64	77	
749	227	61	71	
750	230	62	60	
751	231	63	55	
752	229	63	56	
753	228	64	60	
754	228	62	61	
755	230	62	61	
756	229	63	61	
757	224	60	59	
758	218	57	61	
759	215	57	63	
760	212	59	64	
761	211	60	61	
762	213	63	62	
763	217	62	58	
764	224	63	58	
765	229	63	57	
766	232	63	53	
767	231	63	52	
768	231	61	49	
769	230	60	53	
770	226	58	61	
771	225	54	56	
772	225	57	48	
773	225	61	42	
774	221	58	41	
775	219	56	43	
776	216	57	45	
777	213	59	49	
778	211	58	50	
779	211	56	47	
780	216	60	47	
781	220	62	48	
782	225	60	47	
783	226	60	52	
784	226	59	55	
785	223	57	55	
786	222	57	57	
787	224	59	56	
788	228	57	52	
789	230	58	50	
790	227	62	54	
791	222	62	50	
792	216	59	42	
793	214	56	40	
794	203	55	44	
795	197	53	45	
796	171	47	41	
797	148	43	36	
798	115	39	36	
799	101	35	30	
800	86	34	28	
801	79	30	16	
802	74	29	8	
803	75	31	8	
804	72	27	12	
805	72	29	17	
806	73	35	19	
807	68	33	16	
808	67	36	18	
809	66	40	21	
810	63	38	15	
811	63	41	24	
812	62	42	37	
813	61	42	47	
814	62	45	51	
815	62	45	49	
816	63	46	42	
817	64	48	40	
818	64	50	42	
819	64	52	42	
820	61	50	38	
821	64	51	38	
822	66	52	38	
823	68	53	39	
824	71	54	40	
825	70	51	36	
826	69	52	39	
827	67	54	39	
828	64	55	41	
829	66	57	41	
830	67	55	38	
831	68	51	40	
832	68	50	44	
833	67	53	46	
834	65	53	44	
835	63	51	42	
836	63	51	46	
837	62	50	49	
838	63	48	51	
839	66	50	52	
840	66	52	50	
841	62	54	47	
842	60	52	42	
843	65	54	44	
844	66	53	46	
845	64	52	53	
846	66	54	63	
847	67	53	60	
848	66	52	48	
849	67	53	39	
850	62	51	38	
851	58	49	35	
852	61	52	39	
853	65	54	41	
854	67	52	39	
855	67	54	41	
856	68	55	44	
857	64	51	46	
858	60	46	49	
859	64	53	57	
860	67	56	57	
861	68	54	54	
862	68	53	51	
863	64	49	41	
864	61	49	35	
865	61	51	32	
866	59	55	37	
867	60	56	38	
868	59	53	33	
869	59	52	32	
870	59	51	32	
871	60	53	32	
872	59	53	33	
873	56	49	31	
874	57	52	37	
875	60	56	42	
876	60	54	39	
877	61	53	48	
878	62	52	54	
879	64	55	58	
880	67	60	57	
881	65	62	54	
882	67	63	54	
883	63	58	50	
884	61	54	47	
885	65	61	47	
886	64	63	44	
887	63	62	47	
888	59	58	53	
889	58	54	51	
890	57	53	42	
891	55	52	38	
892	51	50	44	
893	53	53	48	
894	55	53	47	
895	57	51	46	
896	60	53	48	
897	57	52	44	
898	59	53	40	
899	62	52	34	
900	61	52	34	
901	60	54	42	
902	56	54	54	
903	54	54	59	
904	54	55	56	
905	59	61	60	
906	61	61	58	
907	59	56	51	
908	61	55	46	
909	63	56	45	
910	62	58	53	
911	58	58	53	
912	57	55	45	
913	58	52	36	
914	61	53	35	
915	63	55	39	
916	62	53	46	
917	64	52	45	
918	61	49	34	
919	60	51	33	
920	59	52	36	
921	60	51	40	
922	59	51	46	
923	56	49	44	
924	53	48	39	
925	52	48	38	
926	53	50	39	
927	54	52	40	
928	55	54	42	
929	52	54	42	
930	52	53	38	
931	57	54	36	
932	58	53	35	
933	56	51	33	
934	52	47	31	
935	50	42	23	
936	48	37	16	
937	44	26	6	
938	46	26	7	
939	47	28	10	
940	43	25	6	
941	44	29	10	
942	44	33	18	
943	49	41	31	
944	53	44	34	
945	49	37	30	
946	52	42	33	
947	52	46	40	
948	49	42	43	
949	50	42	47	
950	56	46	50	
951	54	46	44	
952	57	49	35	
953	63	56	37	
954	63	55	39	
955	61	50	41	
956	58	49	42	
957	59	50	44	
958	60	54	43	
959	58	53	39	
960	56	49	35	
961	54	47	34	
962	56	52	45	
963	54	52	45	
964	54	52	41	
965	55	54	42	
966	57	54	45	
967	61	57	47	
968	61	54	43	
969	60	53	42	
970	58	52	43	
971	57	53	55	
972	55	52	67	
973	52	48	62	
974	55	52	48	
975	56	55	47	
976	60	57	61	
977	62	56	69	
978	59	52	65	
979	58	53	60	
980	59	56	55	
981	60	55	47	
982	60	53	40	
983	59	53	39	
984	57	51	37	
985	61	55	40	
986	63	57	39	
987	60	52	37	
988	59	50	39	
989	58	50	41	
990	60	51	42	
991	66	55	44	
992	68	56	44	
993	65	54	42	
994	65	57	47	
995	63	59	47	
996	62	57	42	
997	65	56	40	
998	66	55	41	
999	63	54	36	
1000	64	57	34	
1001	69	61	36	
1002	65	56	35	
1003	61	53	39	
1004	60	55	45	
1005	60	56	50	
1006	60	55	49	
1007	58	52	46	
1008	62	53	46	
1009	66	54	46	
1010	68	54	44	
1011	67	54	45	
1012	67	54	48	
1013	68	55	49	
1014	65	54	45	
1015	66	58	43	
1016	66	60	41	
1017	63	56	39	
1018	65	57	46	
1019	67	58	48	
1020	67	57	44	
1021	67	55	45	
1022	63	52	49	
1023	66	56	51	
1024	63	56	42	
1025	58	54	35	
1026	61	56	41	
1027	63	53	40	
1028	67	53	37	
1029	67	53	35	
1030	67	52	34	
1031	69	55	38	
1032	71	58	41	
1033	70	57	43	
1034	69	56	46	
1035	69	57	47	
1036	65	54	47	
1037	66	55	46	
1038	64	53	43	
1039	61	51	46	
1040	62	51	50	
1041	64	53	52	
1042	63	51	48	
1043	62	50	43	
1044	62	51	43	
1045	61	52	40	
1046	64	54	36	
1047	64	52	35	
1048	65	53	41	
1049	65	53	45	
1050	62	52	46	
1051	59	53	43	
1052	59	54	38	
1053	60	52	37	
1054	61	50	41	
1055	57	45	47	
1056	54	42	49	
1057	52	44	43	
1058	55	46	32	
1059	61	50	26	
1060	62	50	26	
1061	57	45	28	
1062	54	42	35	
1063	57	45	40	
1064	59	48	36	
1065	59	49	39	
1066	59	47	45	
1067	57	47	44	
1068	62	54	43	
1069	64	55	38	
1070	57	48	32	
1071	56	47	33	
1072	58	50	37	
1073	59	49	41	
1074	59	49	43	
1075	61	54	48	
1076	60	52	47	
1077	60	49	42	
1078	60	50	42	
1079	61	52	42	
1080	62	52	40	
1081	62	51	36	
1082	62	50	34	
1083	62	50	33	
1084	61	52	37	
1085	57	50	35	
1086	57	48	31	
1087	58	48	31	
1088	60	49	33	
1089	59	48	36	
1090	59	49	39	
1091	58	48	38	
1092	54	44	32	
1093	56	45	29	
1094	58	49	30	
1095	58	50	29	
1096	56	47	25	
1097	55	45	26	
1098	59	49	35	
1099	61	50	38	
1100	60	46	32	
1101	64	48	35	
1102	67	53	42	
1103	64	51	41	
1104	62	47	35	
1105	65	50	35	
1106	69	53	43	
1107	71	53	41	
1108	66	49	32	
1109	61	49	30	
1110	54	47	32	
1111	53	47	26	
1112	53	47	21	
1113	54	47	19	
1114	56	47	26	
1115	54	45	28	
1116	51	41	27	
1117	52	43	30	
1118	54	45	32	
1119	57	49	36	
1120	58	49	34	
1121	59	49	37	
1122	57	48	40	
1123	54	44	35	
1124	56	44	28	
1125	56	40	23	
1126	56	38	26	
1127	54	39	28	
1128	51	37	25	
1129	55	37	23	
1130	53	33	17	
1131	50	29	13	
1132	48	26	11	
1133	47	24	10	
1134	52	26	13	
1135	54	25	8	
1136	54	24	1	
1137	56	30	1	
1138	55	29	1	
1139	51	21	0	
1140	51	19	0	
1141	49	15	0	
1142	53	19	0	
1143	55	19	0	
1144	56	20	0	
1145	59	23	4	
1146	56	21	1	
1147	57	26	8	
1148	59	28	17	
1149	57	25	16	
1150	65	26	12	
1151	73	26	14	
1152	86	27	20	
1153	98	31	27	
1154	117	38	31	
1155	128	41	32	
1156	145	43	32	
1157	151	44	34	
1158	162	45	37	
1159	170	48	39	
1160	178	48	32	
1161	179	51	34	
1162	177	50	38	
1163	176	47	36	
1164	174	47	34	
1165	172	47	29	
1166	178	50	27	
1167	185	53	29	
1168	193	55	30	
1169	194	56	40	
1170	197	58	48	
1171	199	58	51	
1172	206	56	43	
1173	210	58	40	
1174	210	58	45	
1175	207	59	45	
1176	208	57	43	
1177	210	57	40	
1178	213	57	38	
1179	213	59	37	
1180	212	59	38	
1181	208	58	40	
1182	204	61	42	
1183	206	66	46	
1184	207	61	41	
1185	210	55	35	
1186	215	59	38	
1187	216	57	40	
1188	217	57	44	
1189	216	59	48	
1190	215	58	46	
1191	214	59	43	
1192	208	59	39	
1193	204	60	37	
1194	198	59	39	
1195	198	58	43	
1196	200	57	41	
1197	201	58	41	
1198	204	62	44	
1199	205	59	43	
1200	204	60	46	
1201	200	59	49	
1202	199	59	50	
1203	203	62	50	
1204	207	63	46	
1205	208	61	41	
1206	209	57	37	
1207	210	58	38	
1208	207	57	39	
1209	204	57	41	
1210	204	59	43	
1211	206	57	41	
1212	211	58	38	
1213	213	60	40	
1214	216	59	41	
1215	214	60	46	
1216	215	61	51	
1217	217	62	51	
1218	219	62	44	
1219	219	63	44	
1220	217	64	52	
1221	217	61	51	
1222	218	60	48	
1223	219	64	48	
1224	220	67	51	
1225	220	64	49	
1226	219	62	47	
1227	216	64	52	
1228	215	64	57	
1229	218	62	59	
1230	220	63	61	
1231	218	64	61	
1232	218	63	57	
1233	216	64	58	
1234	214	65	62	
1235	213	65	58	
1236	210	64	49	
1237	207	65	44	
1238	195	66	47	
1239	187	62	44	
1240	171	58	39	
1241	159	56	37	
1242	137	52	35	
1243	124	49	31	
1244	111	55	37	
1245	107	56	39	
1246	100	51	33	
1247	103	55	35	
1248	106	57	35	
1249	105	57	42	
1250	114	62	53	
1251	121	67	59	
1252	143	78	55	
1253	157	89	62	
1254	184	103	71	
1255	197	114	83	
1256	221	121	88	
1257	233	129	95	
1258	251	135	98	
1259	255	139	104	
1260	255	141	109	
1261	255	144	113	
1262	255	144	109	
1263	255	145	107	
1264	255	146	105	
1265	255	147	106	
1266	255	149	109	
1267	255	147	110	
1268	255	146	111	
1269	255	147	111	
1270	255	149	112	
1271	255	152	114	
1272	255	154	117	
1273	255	157	119	
1274	255	156	117	
1275	255	155	114	
1276	255	156	112	
1277	255	158	112	
1278	255	158	109	
1279	255	156	110	
