Pos	Red	Green	Blue	
0	66	47	108	
1	67	46	110	
2	69	46	110	
3	70	49	116	
4	73	50	124	
5	75	50	128	
6	83	53	127	
7	87	53	127	
8	93	53	126	
9	97	56	131	
10	106	59	133	
11	109	61	139	
12	117	64	143	
13	123	66	145	
14	127	65	144	
15	128	67	149	
16	129	68	155	
17	127	68	162	
18	131	72	164	
19	133	73	168	
20	133	71	167	
21	132	73	171	
22	130	73	173	
23	129	73	175	
24	131	74	174	
25	132	73	173	
26	134	75	174	
27	134	74	174	
28	133	74	176	
29	133	73	175	
30	132	73	174	
31	132	74	176	
32	130	74	178	
33	132	80	180	
34	131	79	179	
35	129	75	176	
36	133	76	175	
37	134	76	176	
38	134	75	181	
39	133	74	183	
40	130	73	180	
41	130	75	180	
42	129	74	180	
43	130	72	177	
44	130	74	174	
45	128	74	172	
46	130	76	173	
47	132	77	176	
48	133	76	181	
49	132	75	185	
50	132	75	185	
51	134	75	183	
52	135	76	178	
53	138	76	174	
54	138	75	173	
55	137	73	174	
56	137	73	176	
57	136	75	176	
58	137	76	175	
59	136	75	175	
60	136	75	176	
61	137	73	176	
62	133	71	177	
63	133	71	174	
64	131	72	171	
65	129	72	167	
66	129	72	168	
67	129	71	167	
68	125	69	167	
69	123	71	166	
70	120	72	162	
71	119	69	155	
72	116	66	151	
73	113	63	150	
74	106	62	154	
75	102	62	155	
76	97	62	154	
77	95	61	149	
78	92	59	147	
79	91	59	144	
80	89	57	144	
81	90	57	139	
82	87	55	133	
83	84	53	126	
84	82	54	125	
85	81	53	121	
86	78	50	117	
87	80	52	117	
88	78	52	119	
89	75	50	116	
90	78	52	114	
91	78	50	113	
92	79	49	116	
93	79	51	120	
94	79	50	119	
95	78	50	121	
96	82	51	124	
97	85	50	129	
98	87	50	135	
99	89	54	138	
100	93	57	133	
101	94	58	129	
102	98	59	126	
103	100	60	129	
104	103	62	136	
105	105	63	142	
106	107	64	139	
107	107	63	140	
108	106	60	139	
109	108	61	142	
110	109	63	146	
111	108	64	147	
112	111	64	145	
113	114	64	146	
114	117	64	149	
115	118	65	152	
116	121	65	151	
117	123	65	151	
118	126	65	150	
119	127	66	150	
120	129	69	153	
121	128	69	154	
122	129	69	154	
123	129	70	156	
124	127	69	156	
125	124	68	156	
126	123	69	155	
127	123	69	154	
128	122	68	153	
129	121	67	157	
130	118	65	162	
131	118	65	163	
132	118	65	159	
133	120	68	153	
134	119	69	150	
135	117	68	149	
136	115	66	151	
137	113	64	152	
138	112	63	152	
139	112	61	149	
140	108	60	147	
141	104	59	145	
142	102	61	145	
143	102	61	143	
144	99	61	142	
145	97	61	142	
146	96	61	142	
147	98	62	141	
148	98	62	140	
149	96	60	138	
150	97	60	136	
151	100	59	137	
152	103	59	141	
153	102	58	140	
154	101	56	135	
155	105	60	133	
156	106	62	132	
157	103	60	133	
158	102	61	137	
159	100	62	141	
160	95	58	140	
161	94	57	139	
162	92	58	140	
163	90	57	138	
164	88	56	137	
165	87	56	135	
166	86	56	132	
167	86	55	131	
168	85	53	133	
169	86	53	131	
170	85	52	127	
171	85	52	123	
172	86	55	124	
173	83	54	126	
174	81	55	130	
175	82	58	130	
176	81	57	126	
177	80	52	121	
178	81	49	122	
179	82	50	123	
180	83	50	121	
181	84	52	123	
182	85	53	126	
183	84	52	124	
184	85	51	117	
185	85	52	115	
186	86	53	118	
187	85	50	120	
188	84	50	121	
189	85	52	125	
190	84	51	128	
191	82	51	126	
192	83	52	125	
193	83	53	124	
194	85	54	126	
195	85	54	129	
196	83	53	130	
197	81	51	131	
198	81	52	132	
199	85	55	129	
200	84	55	123	
201	82	54	122	
202	79	53	124	
203	78	52	128	
204	78	52	130	
205	78	52	129	
206	79	50	125	
207	81	51	123	
208	83	53	124	
209	82	52	122	
210	81	51	118	
211	84	53	121	
212	81	52	126	
213	77	51	129	
214	77	52	126	
215	78	53	121	
216	78	53	120	
217	75	51	118	
218	76	51	120	
219	79	51	123	
220	82	51	125	
221	83	50	123	
222	84	52	121	
223	81	52	122	
224	80	52	128	
225	82	53	131	
226	82	51	127	
227	83	52	123	
228	82	54	120	
229	81	54	118	
230	80	55	121	
231	78	52	122	
232	75	49	120	
233	75	49	118	
234	73	49	116	
235	72	52	116	
236	73	55	119	
237	71	53	119	
238	70	50	119	
239	73	51	119	
240	74	51	118	
241	75	51	117	
242	75	50	115	
243	77	52	113	
244	77	52	109	
245	76	51	109	
246	77	52	116	
247	77	50	120	
248	77	49	122	
249	75	48	127	
250	77	48	129	
251	79	51	129	
252	81	51	125	
253	85	52	123	
254	89	54	124	
255	89	55	128	
256	95	57	134	
257	98	57	134	
258	103	56	126	
259	105	60	128	
260	107	61	134	
261	105	58	137	
262	108	60	135	
263	110	61	138	
264	111	61	142	
265	112	62	145	
266	113	62	145	
267	114	65	146	
268	117	67	146	
269	117	66	147	
270	121	66	149	
271	123	67	153	
272	124	66	155	
273	124	66	157	
274	125	66	155	
275	127	67	157	
276	128	68	157	
277	129	70	158	
278	130	72	158	
279	129	70	156	
280	130	70	154	
281	132	71	154	
282	133	71	154	
283	133	70	157	
284	134	70	157	
285	132	68	158	
286	134	71	160	
287	133	71	165	
288	133	70	169	
289	134	71	170	
290	134	70	166	
291	135	70	165	
292	133	70	168	
293	134	72	167	
294	133	74	162	
295	132	73	162	
296	130	72	165	
297	130	72	167	
298	130	73	165	
299	129	74	167	
300	129	73	171	
301	130	72	172	
302	135	75	169	
303	139	75	168	
304	141	74	169	
305	138	74	173	
306	138	72	174	
307	141	73	172	
308	145	78	169	
309	145	81	171	
310	142	79	175	
311	140	76	176	
312	140	77	174	
313	140	77	175	
314	141	78	179	
315	144	78	180	
316	146	78	178	
317	146	76	178	
318	146	78	180	
319	146	80	183	
320	147	79	183	
321	149	78	182	
322	150	78	180	
323	150	79	179	
324	151	81	180	
325	151	83	182	
326	152	81	180	
327	152	79	180	
328	153	80	182	
329	153	80	187	
330	152	79	192	
331	150	79	196	
332	149	80	197	
333	150	80	196	
334	150	81	192	
335	150	83	188	
336	148	82	185	
337	146	79	184	
338	144	78	188	
339	145	79	190	
340	146	80	188	
341	147	80	189	
342	145	80	193	
343	143	80	193	
344	142	80	189	
345	142	79	187	
346	141	80	189	
347	140	82	189	
348	141	82	186	
349	140	80	185	
350	141	79	187	
351	142	81	187	
352	142	81	186	
353	144	81	186	
354	145	80	186	
355	147	81	187	
356	149	82	186	
357	149	82	186	
358	152	84	187	
359	152	82	188	
360	152	80	187	
361	153	82	189	
362	153	83	188	
363	153	83	188	
364	152	84	190	
365	152	83	190	
366	150	83	191	
367	148	84	192	
368	149	84	192	
369	149	82	191	
370	151	85	195	
371	151	86	195	
372	149	83	192	
373	151	83	193	
374	152	82	193	
375	151	82	193	
376	151	82	190	
377	152	83	188	
378	151	82	186	
379	150	81	186	
380	148	82	187	
381	147	82	191	
382	147	82	194	
383	147	80	193	
384	148	81	191	
385	146	81	191	
386	145	81	197	
387	145	82	198	
388	146	80	195	
389	147	79	191	
390	149	79	188	
391	148	80	188	
392	147	79	193	
393	147	79	193	
394	148	81	192	
395	148	82	193	
396	147	80	197	
397	145	79	200	
398	145	81	203	
399	144	81	202	
400	144	82	197	
401	146	83	195	
402	147	82	195	
403	147	82	194	
404	149	83	194	
405	149	84	195	
406	149	81	196	
407	150	79	194	
408	152	81	191	
409	150	82	189	
410	151	84	192	
411	152	84	194	
412	151	81	194	
413	149	81	197	
414	150	82	198	
415	153	82	197	
416	152	80	197	
417	150	80	195	
418	150	82	191	
419	149	84	189	
420	147	82	192	
421	146	81	193	
422	146	82	195	
423	145	83	194	
424	142	81	190	
425	139	80	189	
426	138	80	192	
427	139	80	194	
428	140	80	193	
429	142	81	192	
430	142	83	191	
431	142	84	190	
432	141	82	191	
433	142	81	192	
434	143	80	193	
435	145	81	191	
436	148	80	190	
437	149	79	189	
438	151	80	187	
439	153	81	188	
440	153	82	189	
441	151	80	192	
442	150	81	194	
443	152	82	194	
444	152	80	191	
445	152	81	190	
446	151	83	192	
447	149	84	197	
448	148	83	200	
449	148	81	199	
450	151	82	194	
451	153	83	191	
452	152	82	192	
453	149	81	194	
454	147	82	196	
455	147	83	196	
456	144	80	195	
457	142	79	196	
458	141	79	197	
459	143	80	193	
460	144	82	188	
461	141	82	188	
462	138	80	194	
463	137	80	197	
464	137	79	196	
465	139	79	194	
466	143	81	194	
467	144	80	196	
468	144	78	197	
469	144	79	198	
470	147	80	195	
471	150	80	194	
472	152	80	194	
473	151	79	194	
474	152	80	194	
475	153	83	195	
476	152	83	196	
477	151	82	198	
478	151	83	200	
479	152	82	197	
480	151	82	195	
481	150	83	194	
482	148	81	195	
483	148	81	196	
484	149	82	197	
485	150	83	193	
486	151	83	189	
487	150	81	187	
488	146	78	187	
489	144	77	188	
490	142	79	189	
491	141	79	186	
492	138	76	183	
493	137	75	182	
494	134	75	184	
495	132	75	182	
496	129	76	180	
497	127	75	178	
498	126	75	178	
499	129	74	175	
500	132	73	172	
501	136	74	170	
502	138	75	169	
503	138	76	170	
504	139	76	173	
505	139	74	173	
506	140	73	172	
507	141	73	171	
508	140	72	169	
509	140	73	167	
510	139	73	164	
511	139	73	162	
512	136	73	163	
513	134	71	161	
514	128	70	159	
515	124	71	157	
516	114	67	155	
517	109	64	149	
518	99	63	147	
519	93	60	142	
520	83	58	146	
521	79	59	145	
522	75	58	142	
523	74	55	134	
524	73	54	131	
525	73	53	127	
526	71	50	126	
527	73	50	122	
528	70	49	117	
529	65	46	111	
530	62	46	110	
531	63	47	107	
532	63	45	105	
533	63	44	102	
534	65	46	103	
535	64	45	104	
536	64	46	110	
537	65	47	111	
538	63	45	104	
539	60	42	97	
540	60	44	97	
541	59	45	99	
542	56	42	101	
543	58	42	103	
544	58	40	97	
545	58	38	97	
546	60	41	104	
547	61	44	105	
548	61	46	102	
549	60	43	96	
550	59	41	95	
551	59	40	94	
552	58	40	96	
553	55	41	102	
554	52	39	104	
555	55	40	105	
556	59	43	106	
557	59	43	107	
558	59	43	107	
559	61	47	110	
560	65	49	109	
561	65	49	113	
562	70	48	117	
563	75	52	124	
564	78	54	125	
565	76	52	121	
566	71	48	116	
567	68	44	111	
568	63	45	113	
569	61	46	112	
570	60	47	112	
571	59	44	111	
572	59	44	109	
573	58	43	105	
574	56	41	98	
575	56	42	94	
576	56	41	92	
577	57	45	91	
578	58	46	92	
579	54	42	93	
580	54	41	95	
581	56	41	94	
582	56	40	92	
583	56	40	90	
584	56	40	91	
585	57	40	92	
586	55	40	92	
587	53	40	91	
588	51	40	94	
589	53	41	94	
590	56	43	94	
591	54	40	92	
592	53	38	90	
593	53	39	88	
594	51	39	87	
595	53	39	90	
596	50	35	89	
597	51	37	92	
598	54	41	95	
599	52	37	91	
600	51	35	88	
601	53	38	81	
602	53	39	73	
603	53	42	74	
604	54	41	78	
605	52	38	84	
606	53	39	91	
607	52	38	90	
608	50	37	86	
609	50	39	83	
610	50	39	81	
611	51	37	81	
612	52	37	86	
613	51	36	85	
614	51	35	81	
615	52	35	80	
616	51	35	79	
617	47	34	83	
618	47	35	88	
619	51	39	94	
620	51	38	95	
621	53	37	95	
622	52	36	94	
623	52	38	97	
624	52	39	98	
625	51	40	100	
626	52	42	101	
627	53	43	102	
628	55	44	104	
629	53	43	105	
630	56	43	105	
631	59	43	110	
632	61	43	116	
633	62	47	123	
634	69	52	125	
635	72	54	129	
636	79	57	129	
637	85	61	140	
638	97	68	146	
639	106	74	160	
640	117	79	166	
641	121	82	173	
642	126	83	171	
643	128	84	169	
644	124	82	167	
645	118	78	165	
646	106	73	166	
647	97	67	168	
648	86	63	171	
649	84	63	169	
650	83	64	168	
651	83	65	166	
652	83	65	166	
653	84	65	167	
654	87	66	168	
655	89	68	168	
656	94	69	167	
657	98	71	167	
658	106	74	166	
659	108	74	166	
660	108	73	168	
661	105	71	170	
662	98	68	171	
663	98	68	170	
664	94	68	167	
665	90	67	164	
666	85	65	162	
667	82	64	163	
668	82	64	168	
669	82	63	174	
670	86	64	179	
671	89	66	182	
672	95	68	179	
673	100	72	180	
674	108	74	179	
675	114	77	182	
676	118	80	183	
677	114	81	184	
678	110	79	183	
679	108	76	179	
680	100	71	180	
681	94	68	180	
682	88	68	181	
683	88	70	180	
684	86	69	182	
685	87	70	182	
686	94	71	178	
687	101	75	178	
688	115	76	180	
689	124	79	182	
690	137	87	182	
691	141	91	188	
692	142	89	190	
693	142	86	187	
694	136	86	181	
695	130	85	177	
696	115	81	183	
697	105	74	181	
698	92	68	179	
699	86	63	171	
700	84	63	167	
701	85	63	161	
702	84	62	158	
703	81	60	154	
704	78	58	152	
705	77	59	152	
706	76	60	155	
707	76	59	156	
708	76	59	154	
709	79	62	157	
710	81	62	158	
711	83	61	162	
712	88	63	161	
713	92	64	164	
714	97	69	167	
715	96	71	170	
716	95	69	168	
717	95	71	168	
718	95	70	168	
719	93	69	169	
720	97	69	172	
721	101	70	174	
722	105	72	173	
723	105	75	174	
724	102	75	171	
725	97	71	173	
726	91	67	180	
727	90	65	177	
728	90	67	172	
729	89	67	167	
730	86	67	167	
731	84	69	172	
732	90	70	174	
733	98	73	180	
734	117	79	183	
735	129	85	187	
736	140	87	185	
737	143	90	188	
738	139	90	191	
739	131	84	191	
740	121	82	191	
741	114	79	190	
742	105	76	191	
743	103	77	190	
744	106	79	188	
745	108	77	188	
746	113	79	189	
747	114	79	190	
748	121	82	190	
749	129	86	189	
750	134	88	189	
751	132	89	191	
752	133	86	191	
753	136	89	190	
754	138	87	185	
755	138	87	183	
756	128	86	187	
757	119	83	185	
758	107	78	183	
759	100	70	177	
760	98	68	175	
761	100	73	176	
762	106	75	178	
763	114	78	180	
764	116	79	181	
765	111	75	178	
766	99	72	176	
767	90	67	173	
768	80	65	174	
769	80	64	174	
770	81	63	172	
771	86	66	173	
772	93	69	172	
773	97	69	171	
774	101	73	172	
775	103	76	168	
776	99	73	163	
777	94	69	162	
778	92	67	166	
779	93	68	173	
780	95	69	176	
781	99	71	176	
782	99	71	177	
783	98	72	172	
784	93	69	167	
785	89	67	161	
786	85	66	162	
787	81	62	163	
788	77	60	165	
789	79	61	164	
790	80	63	160	
791	80	63	157	
792	80	63	157	
793	80	61	156	
794	82	62	158	
795	84	61	160	
796	83	59	159	
797	84	62	162	
798	82	63	162	
799	82	64	161	
800	84	66	161	
801	83	65	162	
802	90	66	163	
803	96	68	170	
804	111	72	175	
805	123	77	177	
806	133	83	176	
807	134	85	175	
808	125	84	177	
809	114	80	172	
810	99	72	164	
811	93	67	157	
812	88	66	161	
813	86	63	162	
814	84	63	162	
815	82	64	160	
816	81	63	159	
817	80	62	158	
818	81	61	158	
819	80	60	156	
820	79	58	151	
821	79	60	150	
822	78	59	151	
823	76	57	150	
824	73	56	149	
825	74	57	146	
826	74	59	147	
827	72	58	144	
828	73	58	143	
829	76	58	143	
830	75	55	144	
831	77	55	141	
832	77	57	137	
833	74	54	133	
834	74	54	134	
835	76	54	133	
836	76	55	132	
837	72	53	133	
838	72	55	135	
839	75	58	138	
840	75	58	138	
841	74	57	141	
842	71	55	142	
843	69	56	147	
844	73	60	151	
845	76	62	159	
846	93	67	161	
847	107	71	172	
848	126	79	177	
849	132	88	189	
850	141	91	193	
851	144	94	196	
852	150	95	194	
853	152	97	200	
854	155	98	207	
855	155	99	212	
856	157	99	210	
857	158	100	209	
858	157	98	208	
859	155	98	206	
860	152	97	207	
861	152	96	203	
862	145	93	202	
863	139	90	198	
864	123	86	199	
865	111	81	198	
866	111	82	198	
867	123	85	198	
868	138	89	198	
869	142	90	202	
870	148	92	204	
871	149	96	208	
872	150	98	207	
873	147	96	209	
874	148	98	212	
875	150	100	215	
876	152	99	214	
877	152	99	217	
878	154	100	219	
879	155	100	220	
880	157	101	219	
881	157	101	217	
882	155	100	216	
883	155	98	215	
884	154	99	216	
885	153	100	217	
886	153	101	218	
887	152	100	220	
888	152	101	222	
889	151	100	222	
890	151	98	220	
891	151	97	220	
892	152	98	220	
893	149	98	222	
894	151	99	224	
895	154	99	223	
896	159	101	220	
897	161	102	220	
898	163	103	221	
899	163	105	223	
900	163	105	225	
901	163	104	224	
902	162	104	223	
903	161	104	222	
904	158	102	220	
905	156	101	220	
906	155	100	222	
907	154	102	224	
908	155	101	225	
909	156	99	225	
910	157	99	226	
911	158	101	227	
912	158	100	225	
913	159	100	222	
914	159	102	221	
915	158	102	222	
916	158	103	226	
917	157	102	229	
918	157	101	228	
919	157	101	226	
920	156	101	225	
921	156	103	226	
922	155	102	228	
923	155	102	228	
924	156	103	225	
925	155	102	222	
926	157	102	220	
927	158	100	218	
928	158	101	220	
929	158	102	223	
930	158	101	222	
931	160	102	222	
932	162	103	220	
933	162	103	220	
934	162	102	223	
935	164	102	223	
936	168	105	222	
937	168	105	221	
938	166	104	221	
939	164	106	224	
940	161	103	224	
941	160	100	224	
942	160	101	226	
943	160	104	225	
944	157	102	221	
945	157	101	219	
946	158	102	221	
947	158	101	221	
948	162	102	219	
949	164	104	220	
950	164	104	220	
951	163	102	220	
952	162	103	218	
953	162	101	217	
954	160	100	219	
955	158	102	223	
956	158	103	226	
957	157	101	228	
958	155	98	229	
959	156	97	224	
960	152	98	219	
961	148	100	214	
962	145	99	211	
963	146	100	211	
964	150	100	212	
965	153	100	214	
966	156	100	214	
967	156	102	218	
968	157	102	223	
969	157	100	224	
970	157	100	223	
971	157	102	218	
972	157	101	212	
973	156	99	210	
974	153	98	213	
975	153	99	216	
976	151	99	218	
977	151	98	216	
978	153	99	212	
979	153	100	210	
980	153	100	209	
981	152	100	211	
982	152	99	214	
983	154	97	213	
984	155	96	210	
985	153	95	206	
986	150	95	204	
987	149	95	198	
988	147	95	195	
989	146	93	187	
990	142	90	186	
991	140	89	181	
992	126	83	182	
993	114	77	175	
994	97	72	171	
995	92	68	167	
996	87	68	170	
997	87	69	174	
998	95	72	176	
999	102	77	184	
1000	118	80	186	
1001	129	83	189	
1002	141	88	188	
1003	141	90	193	
1004	146	92	195	
1005	148	94	200	
1006	150	95	203	
1007	148	95	205	
1008	148	95	206	
1009	147	95	207	
1010	145	94	208	
1011	142	94	209	
1012	141	95	211	
1013	141	94	210	
1014	139	94	209	
1015	140	96	209	
1016	142	97	208	
1017	145	96	210	
1018	146	96	213	
1019	145	96	212	
1020	145	96	206	
1021	145	96	202	
1022	144	95	205	
1023	143	95	199	
1024	141	94	192	
1025	140	92	184	
1026	135	88	183	
1027	135	86	177	
1028	126	81	173	
1029	116	75	165	
1030	97	68	164	
1031	86	60	151	
1032	74	58	146	
1033	75	57	135	
1034	71	55	134	
1035	68	53	131	
1036	68	53	133	
1037	70	53	133	
1038	72	54	134	
1039	71	56	139	
1040	74	57	141	
1041	76	58	150	
1042	85	63	155	
1043	87	68	166	
1044	103	71	169	
1045	116	78	180	
1046	129	81	183	
1047	131	85	189	
1048	138	88	186	
1049	142	89	189	
1050	146	89	193	
1051	144	89	197	
1052	142	90	200	
1053	137	89	200	
1054	133	88	198	
1055	130	88	200	
1056	130	90	205	
1057	133	91	210	
1058	136	92	210	
1059	139	95	211	
1060	143	95	207	
1061	147	94	203	
1062	151	96	203	
1063	149	96	206	
1064	149	95	209	
1065	151	95	209	
1066	149	94	207	
1067	145	94	206	
1068	141	94	207	
1069	141	94	204	
1070	138	92	200	
1071	136	89	199	
1072	131	89	205	
1073	128	89	210	
1074	128	91	214	
1075	129	92	215	
1076	132	92	212	
1077	137	95	213	
1078	142	96	213	
1079	145	97	218	
1080	150	98	220	
1081	152	98	221	
1082	156	98	216	
1083	159	99	214	
1084	160	102	215	
1085	158	101	216	
1086	159	101	218	
1087	160	101	217	
1088	159	99	214	
1089	158	101	214	
1090	157	102	214	
1091	160	102	212	
1092	157	99	211	
1093	154	98	208	
1094	149	96	206	
1095	146	95	204	
1096	142	95	204	
1097	142	95	204	
1098	141	94	205	
1099	141	93	202	
1100	140	92	197	
1101	140	94	195	
1102	137	93	197	
1103	134	89	197	
1104	128	87	197	
1105	125	85	195	
1106	125	85	193	
1107	127	84	186	
1108	131	86	182	
1109	135	85	175	
1110	132	82	171	
1111	130	79	161	
1112	116	75	154	
1113	104	69	144	
1114	86	64	145	
1115	79	59	136	
1116	68	55	131	
1117	64	51	118	
1118	61	49	109	
1119	62	46	101	
1120	59	43	103	
1121	56	41	101	
1122	51	40	98	
1123	51	40	96	
1124	51	39	94	
1125	50	38	91	
1126	53	40	89	
1127	55	43	92	
1128	56	43	95	
1129	53	40	89	
1130	52	39	85	
1131	52	39	81	
1132	51	38	85	
1133	50	37	87	
1134	50	37	84	
1135	51	35	81	
1136	51	36	82	
1137	52	38	85	
1138	51	38	86	
1139	49	37	90	
1140	48	37	91	
1141	50	38	92	
1142	53	40	93	
1143	52	37	91	
1144	52	38	92	
1145	53	40	97	
1146	52	38	100	
1147	54	39	103	
1148	57	41	100	
1149	58	44	100	
1150	61	47	101	
1151	62	49	110	
1152	63	50	119	
1153	61	49	124	
1154	63	51	122	
1155	67	53	124	
1156	70	54	127	
1157	72	55	131	
1158	74	56	131	
1159	73	57	136	
1160	73	58	143	
1161	74	58	148	
1162	76	58	148	
1163	77	60	151	
1164	81	61	153	
1165	84	62	155	
1166	88	63	153	
1167	89	64	155	
1168	90	64	155	
1169	90	65	156	
1170	86	63	156	
1171	83	63	153	
1172	80	63	151	
1173	80	59	147	
1174	77	58	147	
1175	74	57	150	
1176	74	58	148	
1177	76	59	153	
1178	79	61	158	
1179	78	60	162	
1180	84	62	163	
1181	91	67	164	
1182	98	70	164	
1183	101	69	161	
1184	97	65	154	
1185	92	64	154	
1186	86	65	160	
1187	83	64	159	
1188	81	63	156	
1189	80	61	152	
1190	82	63	152	
1191	83	64	150	
1192	82	63	149	
1193	82	62	150	
1194	82	62	154	
1195	82	62	157	
1196	84	63	160	
1197	84	64	163	
1198	90	67	166	
1199	93	70	171	
1200	104	74	171	
1201	112	78	174	
1202	121	81	174	
1203	124	82	173	
1204	125	81	169	
1205	125	79	163	
1206	119	77	161	
1207	114	75	159	
1208	105	71	161	
1209	101	68	158	
1210	93	67	153	
1211	88	63	146	
1212	82	63	146	
1213	79	61	146	
1214	76	61	149	
1215	75	60	148	
1216	73	59	147	
1217	71	58	144	
1218	71	58	142	
1219	73	58	141	
1220	73	56	142	
1221	73	56	145	
1222	75	57	147	
1223	78	58	150	
1224	80	59	149	
1225	81	60	150	
1226	86	62	150	
1227	88	64	153	
1228	88	63	156	
1229	87	63	160	
1230	85	62	160	
1231	86	63	161	
1232	89	67	161	
1233	89	68	164	
1234	94	68	167	
1235	99	69	170	
1236	105	71	170	
1237	108	71	169	
1238	106	71	168	
1239	102	71	163	
1240	95	67	158	
1241	91	65	155	
1242	87	65	159	
1243	85	69	162	
1244	85	70	162	
1245	84	66	159	
1246	81	61	159	
1247	82	63	158	
1248	80	62	158	
1249	78	60	161	
1250	79	61	166	
1251	82	64	170	
1252	90	67	170	
1253	98	71	173	
1254	108	73	174	
1255	113	77	174	
1256	118	79	172	
1257	115	77	172	
1258	107	73	176	
1259	103	71	177	
1260	98	71	175	
1261	95	72	174	
1262	99	72	174	
1263	106	74	173	
1264	111	75	171	
1265	112	75	169	
1266	108	72	166	
1267	104	70	166	
1268	99	69	170	
1269	97	68	170	
1270	94	67	167	
1271	91	65	163	
1272	89	66	160	
1273	89	65	157	
1274	85	63	155	
1275	84	63	156	
1276	81	61	157	
1277	81	61	161	
1278	83	62	163	
1279	82	64	167	
