Pos	Red	Green	Blue	
0	70	53	132	
1	69	49	128	
2	71	50	123	
3	71	50	123	
4	71	49	130	
5	74	51	132	
6	81	55	130	
7	82	53	127	
8	85	52	125	
9	89	53	129	
10	93	54	133	
11	95	58	141	
12	100	61	145	
13	100	61	150	
14	107	62	151	
15	112	64	155	
16	117	65	156	
17	119	66	161	
18	120	68	164	
19	118	68	168	
20	116	67	171	
21	115	68	176	
22	115	68	178	
23	116	70	178	
24	118	73	174	
25	119	73	173	
26	119	69	174	
27	122	70	175	
28	126	72	175	
29	126	72	174	
30	130	74	174	
31	131	75	175	
32	132	75	175	
33	134	78	179	
34	134	79	182	
35	132	76	184	
36	132	74	185	
37	134	75	185	
38	136	76	184	
39	135	76	185	
40	135	76	187	
41	135	75	187	
42	135	76	185	
43	133	74	184	
44	132	73	187	
45	131	72	186	
46	130	73	184	
47	131	76	182	
48	130	76	180	
49	130	74	180	
50	128	73	181	
51	129	72	180	
52	126	72	179	
53	124	73	178	
54	121	71	177	
55	121	70	173	
56	119	70	169	
57	119	71	167	
58	116	71	172	
59	113	70	170	
60	112	69	164	
61	112	68	159	
62	110	66	158	
63	109	64	153	
64	107	65	150	
65	105	63	150	
66	100	61	154	
67	99	60	154	
68	92	59	152	
69	85	57	145	
70	82	56	145	
71	83	56	141	
72	83	54	137	
73	83	54	134	
74	82	55	134	
75	80	54	132	
76	78	53	132	
77	78	54	130	
78	76	51	128	
79	77	50	128	
80	78	52	131	
81	77	52	131	
82	79	53	129	
83	82	55	131	
84	85	57	134	
85	86	57	139	
86	89	57	142	
87	91	58	144	
88	94	58	144	
89	94	59	146	
90	97	61	151	
91	98	62	155	
92	101	65	156	
93	104	67	160	
94	105	65	164	
95	106	67	167	
96	111	68	164	
97	114	67	167	
98	118	68	172	
99	121	70	176	
100	125	71	174	
101	124	70	176	
102	127	71	177	
103	128	74	183	
104	130	75	187	
105	131	74	189	
106	135	76	188	
107	136	78	187	
108	138	76	185	
109	139	77	186	
110	140	79	191	
111	142	81	193	
112	142	80	191	
113	138	77	191	
114	137	77	193	
115	136	78	196	
116	135	78	199	
117	135	78	198	
118	135	79	195	
119	136	79	193	
120	137	79	194	
121	134	76	195	
122	134	77	198	
123	136	80	198	
124	134	79	195	
125	130	76	193	
126	127	75	192	
127	129	77	190	
128	129	77	189	
129	126	73	190	
130	126	74	196	
131	127	77	199	
132	128	75	194	
133	131	75	193	
134	134	75	192	
135	135	75	193	
136	136	75	194	
137	137	76	193	
138	138	78	192	
139	139	78	192	
140	139	77	193	
141	140	78	193	
142	141	77	189	
143	142	78	188	
144	141	78	190	
145	139	77	192	
146	139	77	196	
147	139	77	196	
148	139	79	194	
149	139	80	194	
150	136	79	193	
151	134	77	195	
152	132	78	200	
153	131	79	200	
154	129	78	200	
155	128	77	199	
156	126	77	201	
157	124	77	200	
158	123	78	196	
159	124	79	192	
160	123	77	188	
161	123	76	187	
162	124	75	190	
163	127	77	190	
164	132	77	190	
165	135	75	188	
166	137	73	188	
167	137	74	187	
168	138	77	186	
169	138	78	185	
170	138	79	184	
171	138	79	187	
172	139	77	189	
173	140	77	192	
174	141	78	193	
175	139	78	193	
176	139	79	193	
177	140	79	191	
178	139	77	187	
179	140	78	186	
180	137	77	187	
181	136	76	187	
182	134	77	187	
183	133	77	186	
184	130	76	189	
185	130	76	185	
186	130	77	182	
187	130	77	180	
188	127	75	181	
189	126	74	181	
190	126	75	180	
191	126	74	180	
192	124	74	184	
193	122	74	186	
194	122	74	185	
195	125	74	185	
196	127	77	187	
197	126	76	188	
198	126	75	188	
199	127	76	189	
200	129	75	188	
201	130	76	187	
202	131	76	185	
203	131	77	183	
204	130	77	182	
205	129	76	182	
206	131	76	184	
207	134	74	183	
208	136	74	183	
209	135	74	183	
210	135	74	182	
211	136	75	183	
212	135	76	184	
213	133	77	187	
214	133	76	191	
215	135	76	190	
216	136	75	187	
217	136	77	188	
218	135	79	191	
219	134	76	192	
220	132	73	191	
221	133	74	188	
222	133	77	187	
223	131	76	187	
224	129	75	192	
225	127	75	193	
226	128	76	188	
227	130	76	186	
228	130	76	187	
229	130	75	185	
230	133	77	183	
231	134	77	183	
232	133	76	186	
233	133	75	186	
234	134	75	183	
235	135	77	180	
236	136	77	178	
237	136	77	179	
238	136	77	181	
239	136	76	181	
240	132	75	182	
241	128	74	182	
242	124	73	181	
243	125	75	181	
244	125	77	181	
245	124	75	181	
246	123	73	181	
247	125	74	180	
248	127	75	179	
249	129	74	179	
250	131	72	179	
251	134	73	180	
252	136	74	180	
253	136	74	181	
254	136	74	182	
255	137	77	185	
256	138	78	187	
257	135	76	188	
258	134	75	186	
259	135	77	189	
260	134	78	194	
261	133	77	197	
262	135	78	196	
263	136	77	194	
264	138	76	192	
265	140	76	190	
266	141	78	189	
267	141	80	190	
268	141	79	191	
269	139	78	194	
270	139	80	196	
271	139	82	196	
272	140	79	191	
273	142	77	189	
274	145	79	193	
275	144	79	194	
276	144	81	192	
277	143	81	195	
278	142	79	200	
279	142	79	199	
280	143	80	196	
281	143	81	195	
282	143	80	199	
283	143	78	199	
284	145	78	195	
285	146	80	195	
286	144	80	198	
287	141	80	198	
288	140	81	198	
289	141	82	195	
290	141	81	194	
291	139	78	193	
292	138	79	196	
293	139	80	195	
294	137	80	192	
295	136	80	190	
296	136	81	192	
297	134	81	192	
298	135	81	192	
299	136	80	193	
300	136	80	195	
301	135	80	197	
302	136	80	198	
303	137	79	196	
304	139	78	194	
305	139	78	192	
306	140	79	192	
307	139	82	195	
308	139	82	198	
309	137	80	201	
310	138	81	203	
311	139	83	202	
312	141	85	200	
313	142	84	201	
314	141	81	204	
315	142	80	205	
316	143	81	203	
317	143	82	202	
318	144	83	199	
319	145	84	201	
320	145	83	205	
321	145	82	204	
322	145	83	203	
323	144	83	202	
324	143	82	205	
325	144	82	205	
326	143	82	203	
327	140	81	202	
328	140	82	202	
329	143	82	202	
330	143	81	202	
331	141	80	201	
332	140	80	203	
333	141	81	205	
334	142	81	205	
335	143	81	204	
336	144	82	201	
337	145	84	200	
338	143	82	201	
339	143	81	202	
340	143	82	202	
341	142	79	200	
342	141	79	200	
343	143	82	199	
344	144	83	199	
345	144	82	199	
346	141	82	199	
347	139	83	202	
348	137	82	203	
349	138	81	206	
350	138	79	206	
351	138	78	204	
352	140	80	204	
353	140	81	200	
354	141	80	195	
355	142	81	196	
356	142	80	199	
357	142	80	200	
358	145	83	200	
359	144	81	200	
360	141	79	201	
361	142	82	204	
362	141	83	203	
363	141	82	202	
364	142	82	202	
365	143	84	200	
366	144	84	200	
367	143	82	198	
368	144	81	198	
369	145	83	197	
370	148	85	195	
371	149	85	194	
372	148	82	194	
373	146	81	198	
374	144	79	202	
375	145	80	204	
376	147	82	204	
377	148	81	201	
378	149	80	199	
379	148	80	201	
380	146	81	202	
381	143	80	205	
382	141	81	207	
383	143	82	207	
384	143	81	204	
385	143	82	204	
386	142	81	205	
387	142	81	205	
388	143	81	204	
389	143	79	201	
390	144	80	199	
391	146	80	198	
392	144	77	197	
393	144	78	194	
394	146	83	192	
395	145	83	194	
396	143	82	199	
397	140	82	204	
398	139	82	204	
399	141	82	202	
400	143	83	202	
401	143	80	200	
402	142	78	202	
403	142	81	202	
404	143	81	200	
405	144	83	200	
406	144	83	201	
407	142	81	200	
408	142	85	200	
409	141	84	200	
410	140	82	199	
411	142	83	201	
412	142	82	202	
413	142	80	203	
414	143	80	204	
415	144	81	205	
416	144	82	205	
417	143	83	204	
418	143	83	202	
419	144	83	200	
420	145	83	200	
421	145	82	202	
422	145	82	202	
423	146	83	202	
424	144	82	200	
425	144	80	198	
426	143	80	198	
427	143	81	197	
428	144	82	197	
429	144	79	196	
430	144	78	195	
431	144	80	196	
432	145	81	197	
433	146	80	198	
434	147	80	200	
435	148	81	202	
436	147	80	200	
437	147	81	200	
438	146	80	201	
439	143	78	201	
440	142	80	203	
441	142	80	202	
442	140	80	199	
443	140	82	198	
444	139	81	197	
445	139	80	196	
446	139	81	198	
447	138	79	197	
448	137	78	197	
449	140	81	198	
450	141	80	195	
451	142	79	192	
452	145	81	192	
453	145	83	191	
454	143	81	192	
455	141	79	193	
456	138	78	195	
457	137	79	197	
458	136	79	196	
459	137	76	193	
460	138	77	190	
461	137	78	190	
462	137	78	190	
463	137	76	189	
464	138	77	187	
465	138	77	186	
466	136	76	186	
467	136	75	185	
468	138	77	185	
469	138	76	183	
470	138	75	181	
471	139	77	181	
472	138	76	181	
473	136	75	179	
474	133	74	178	
475	132	73	175	
476	129	74	174	
477	128	73	174	
478	125	72	173	
479	125	70	172	
480	124	68	171	
481	126	70	170	
482	125	72	168	
483	121	69	165	
484	119	69	166	
485	118	68	165	
486	117	68	167	
487	118	68	164	
488	114	64	160	
489	112	63	155	
490	109	66	156	
491	106	67	153	
492	99	63	152	
493	96	61	149	
494	93	60	147	
495	90	58	143	
496	86	57	141	
497	82	56	138	
498	78	56	137	
499	77	55	134	
500	74	52	131	
501	74	52	129	
502	72	52	131	
503	69	48	124	
504	67	46	118	
505	66	47	114	
506	64	46	114	
507	64	46	115	
508	61	44	117	
509	59	42	114	
510	57	41	108	
511	59	44	104	
512	58	44	102	
513	55	40	96	
514	56	41	96	
515	56	41	95	
516	55	38	93	
517	55	37	95	
518	54	38	97	
519	54	39	97	
520	52	39	99	
521	55	42	98	
522	56	41	92	
523	57	39	91	
524	56	39	93	
525	54	39	93	
526	55	40	92	
527	57	39	90	
528	57	40	94	
529	53	39	94	
530	49	39	90	
531	52	40	92	
532	53	42	98	
533	52	41	101	
534	51	39	101	
535	54	40	100	
536	55	40	96	
537	54	40	94	
538	55	40	93	
539	57	41	92	
540	58	41	91	
541	56	43	94	
542	56	45	99	
543	58	45	99	
544	60	44	93	
545	59	42	93	
546	57	40	97	
547	57	43	104	
548	57	43	104	
549	58	44	105	
550	61	47	107	
551	59	46	109	
552	59	47	111	
553	60	49	116	
554	63	50	120	
555	64	49	124	
556	67	49	124	
557	67	49	128	
558	70	51	128	
559	75	55	133	
560	76	54	133	
561	74	55	137	
562	76	58	143	
563	75	56	144	
564	75	56	144	
565	75	57	146	
566	74	57	148	
567	75	59	151	
568	74	57	152	
569	74	57	152	
570	77	60	152	
571	77	59	150	
572	78	58	149	
573	79	62	151	
574	80	62	151	
575	82	62	151	
576	84	63	152	
577	84	63	151	
578	85	64	148	
579	83	64	150	
580	84	64	151	
581	85	65	154	
582	86	65	158	
583	85	65	163	
584	88	65	164	
585	90	66	168	
586	95	67	168	
587	98	70	170	
588	103	74	170	
589	104	76	172	
590	111	79	172	
591	116	83	176	
592	125	87	178	
593	128	91	188	
594	137	95	193	
595	143	98	200	
596	148	100	200	
597	146	100	202	
598	149	100	201	
599	152	100	201	
600	153	98	201	
601	155	99	199	
602	157	102	197	
603	157	102	197	
604	156	102	199	
605	153	103	202	
606	142	101	205	
607	134	96	201	
608	121	88	196	
609	119	83	186	
610	110	79	183	
611	103	72	172	
612	91	68	166	
613	86	65	157	
614	77	62	156	
615	74	57	147	
616	70	56	141	
617	69	56	131	
618	66	53	127	
619	65	50	121	
620	64	49	121	
621	62	47	115	
622	56	41	108	
623	56	41	101	
624	57	42	99	
625	54	40	94	
626	56	42	96	
627	57	46	94	
628	56	46	92	
629	52	42	90	
630	52	43	92	
631	52	42	93	
632	51	38	91	
633	53	40	93	
634	54	43	93	
635	54	44	95	
636	55	42	95	
637	58	42	95	
638	62	44	95	
639	65	47	98	
640	62	45	98	
641	59	45	106	
642	57	45	112	
643	58	46	115	
644	60	49	114	
645	60	49	114	
646	60	47	119	
647	59	46	123	
648	62	48	123	
649	63	47	126	
650	68	52	128	
651	69	55	134	
652	68	54	134	
653	71	57	142	
654	73	57	151	
655	75	58	155	
656	79	60	151	
657	80	61	155	
658	81	61	161	
659	83	62	166	
660	86	64	162	
661	87	66	166	
662	89	66	172	
663	91	68	177	
664	95	70	171	
665	98	71	173	
666	107	75	174	
667	111	78	183	
668	120	82	191	
669	122	87	201	
670	126	88	203	
671	128	90	204	
672	128	91	201	
673	128	89	196	
674	123	86	194	
675	117	80	193	
676	107	76	196	
677	105	76	197	
678	101	76	196	
679	99	75	194	
680	99	76	194	
681	102	78	194	
682	103	78	192	
683	103	78	194	
684	108	80	196	
685	113	83	198	
686	123	86	195	
687	130	90	194	
688	131	89	191	
689	127	87	191	
690	122	86	195	
691	119	84	193	
692	111	80	190	
693	105	75	181	
694	96	72	178	
695	92	69	174	
696	86	67	175	
697	85	67	173	
698	84	67	172	
699	82	67	168	
700	80	65	166	
701	78	63	167	
702	76	62	170	
703	76	61	171	
704	78	61	169	
705	80	61	166	
706	86	64	167	
707	90	69	168	
708	92	71	168	
709	92	72	172	
710	90	71	176	
711	87	68	178	
712	84	66	178	
713	86	68	179	
714	87	70	180	
715	88	70	180	
716	93	72	176	
717	97	72	178	
718	110	78	181	
719	117	82	188	
720	123	83	189	
721	123	86	195	
722	120	85	200	
723	116	85	200	
724	110	81	194	
725	108	78	193	
726	106	77	198	
727	107	77	200	
728	110	79	198	
729	113	80	194	
730	111	83	190	
731	106	81	184	
732	95	74	180	
733	92	72	177	
734	88	69	179	
735	85	68	178	
736	84	67	179	
737	86	70	180	
738	86	69	180	
739	84	66	179	
740	86	68	177	
741	84	67	178	
742	89	70	179	
743	94	73	184	
744	101	74	186	
745	107	78	189	
746	113	82	190	
747	115	82	187	
748	114	81	182	
749	111	81	177	
750	103	79	174	
751	93	73	176	
752	86	69	183	
753	89	70	186	
754	95	74	181	
755	100	75	184	
756	107	78	187	
757	112	84	192	
758	120	86	190	
759	121	86	190	
760	132	88	190	
761	139	92	193	
762	139	90	194	
763	135	88	192	
764	125	87	190	
765	117	83	181	
766	101	77	179	
767	95	73	176	
768	88	70	178	
769	89	68	178	
770	88	68	178	
771	85	66	177	
772	83	65	178	
773	83	65	175	
774	82	65	173	
775	82	67	169	
776	81	66	168	
777	81	66	171	
778	84	68	175	
779	88	69	179	
780	90	69	179	
781	91	68	177	
782	87	66	174	
783	82	64	173	
784	82	67	175	
785	86	69	178	
786	88	68	179	
787	85	67	182	
788	91	67	181	
789	99	69	180	
790	106	73	179	
791	108	78	181	
792	102	76	185	
793	97	73	183	
794	92	72	179	
795	92	72	175	
796	89	71	175	
797	86	68	174	
798	82	66	175	
799	80	65	173	
800	80	66	174	
801	81	65	172	
802	80	63	167	
803	82	63	166	
804	79	63	168	
805	77	62	167	
806	77	62	164	
807	79	61	161	
808	80	60	161	
809	79	59	160	
810	81	60	159	
811	83	62	164	
812	84	64	171	
813	82	63	171	
814	79	64	165	
815	78	66	165	
816	75	64	170	
817	76	60	172	
818	79	60	171	
819	80	60	169	
820	80	60	166	
821	80	61	165	
822	78	61	165	
823	78	63	166	
824	79	64	169	
825	77	63	168	
826	78	63	165	
827	79	62	163	
828	77	61	166	
829	75	61	164	
830	74	61	161	
831	75	62	157	
832	72	59	153	
833	73	58	148	
834	76	58	144	
835	78	55	144	
836	78	56	147	
837	75	57	146	
838	72	55	142	
839	73	55	135	
840	72	54	132	
841	70	52	131	
842	67	51	130	
843	66	50	129	
844	64	51	132	
845	65	53	132	
846	62	51	129	
847	62	50	129	
848	66	54	129	
849	66	56	137	
850	68	56	144	
851	69	55	151	
852	79	62	151	
853	87	68	161	
854	103	74	167	
855	112	80	180	
856	127	83	184	
857	134	86	192	
858	143	91	194	
859	144	95	201	
860	147	96	206	
861	146	97	210	
862	150	99	211	
863	152	101	216	
864	154	101	219	
865	155	103	223	
866	156	105	225	
867	153	102	226	
868	152	100	227	
869	154	101	228	
870	152	99	228	
871	149	98	227	
872	146	99	227	
873	146	101	224	
874	143	99	222	
875	141	97	220	
876	140	98	219	
877	141	99	220	
878	141	97	221	
879	139	95	222	
880	141	96	223	
881	142	99	223	
882	142	99	222	
883	142	98	221	
884	142	99	222	
885	142	100	224	
886	143	101	224	
887	146	101	224	
888	148	101	223	
889	149	102	223	
890	151	104	224	
891	153	104	224	
892	151	101	223	
893	147	100	223	
894	146	99	226	
895	149	99	224	
896	148	98	222	
897	147	99	224	
898	147	100	226	
899	150	101	227	
900	151	101	226	
901	148	99	225	
902	147	100	227	
903	147	100	227	
904	147	100	226	
905	145	100	226	
906	145	99	225	
907	146	100	226	
908	146	101	229	
909	145	100	230	
910	145	100	229	
911	147	101	230	
912	148	99	230	
913	150	99	230	
914	151	100	229	
915	150	100	229	
916	150	102	229	
917	151	105	230	
918	151	105	230	
919	148	102	227	
920	149	103	225	
921	150	104	225	
922	150	103	227	
923	154	105	229	
924	155	105	229	
925	155	104	229	
926	154	103	232	
927	154	102	230	
928	153	102	226	
929	151	102	227	
930	149	102	233	
931	148	101	236	
932	148	102	233	
933	149	103	232	
934	152	101	229	
935	155	101	229	
936	157	103	233	
937	154	103	233	
938	154	105	230	
939	155	106	230	
940	152	104	231	
941	150	103	232	
942	149	101	233	
943	148	100	233	
944	150	100	233	
945	152	102	233	
946	155	103	233	
947	155	104	230	
948	154	104	228	
949	155	105	229	
950	153	104	232	
951	152	103	235	
952	152	103	234	
953	152	102	232	
954	152	103	232	
955	150	102	234	
956	147	101	236	
957	149	104	238	
958	152	104	236	
959	154	102	234	
960	155	102	235	
961	155	104	236	
962	156	106	237	
963	157	105	233	
964	156	103	227	
965	156	104	223	
966	152	103	225	
967	150	102	226	
968	147	100	224	
969	145	96	223	
970	144	97	223	
971	144	97	223	
972	143	98	223	
973	143	98	226	
974	144	99	229	
975	145	98	230	
976	147	100	229	
977	147	104	227	
978	147	101	223	
979	147	99	224	
980	147	99	226	
981	146	101	228	
982	146	101	229	
983	146	98	228	
984	148	99	229	
985	150	100	228	
986	150	100	227	
987	151	102	226	
988	150	103	226	
989	149	102	224	
990	146	100	224	
991	144	98	223	
992	141	97	223	
993	141	98	222	
994	142	100	221	
995	142	101	223	
996	143	100	224	
997	144	100	226	
998	146	100	224	
999	147	100	225	
1000	148	100	229	
1001	149	101	230	
1002	151	101	228	
1003	150	101	225	
1004	149	99	222	
1005	148	100	222	
1006	147	101	225	
1007	148	100	224	
1008	147	99	223	
1009	146	99	224	
1010	145	101	227	
1011	144	99	228	
1012	143	98	227	
1013	142	97	225	
1014	141	98	223	
1015	141	97	222	
1016	137	97	222	
1017	134	95	221	
1018	131	94	221	
1019	133	95	218	
1020	136	95	216	
1021	137	94	216	
1022	138	94	216	
1023	138	96	217	
1024	141	98	218	
1025	142	97	218	
1026	143	96	219	
1027	144	98	221	
1028	145	99	220	
1029	145	99	221	
1030	146	99	223	
1031	146	99	224	
1032	147	100	224	
1033	149	100	225	
1034	150	100	224	
1035	148	100	226	
1036	148	100	227	
1037	149	100	227	
1038	151	101	227	
1039	151	102	229	
1040	149	103	232	
1041	147	102	233	
1042	147	100	231	
1043	149	100	231	
1044	152	102	231	
1045	153	102	229	
1046	152	104	227	
1047	152	104	227	
1048	151	104	230	
1049	152	105	228	
1050	154	105	224	
1051	154	103	223	
1052	151	101	226	
1053	148	102	230	
1054	145	103	233	
1055	144	101	234	
1056	144	99	235	
1057	146	101	236	
1058	148	101	233	
1059	150	101	232	
1060	152	102	232	
1061	152	100	234	
1062	152	100	236	
1063	152	102	235	
1064	153	102	233	
1065	155	103	229	
1066	156	103	227	
1067	155	103	228	
1068	155	104	230	
1069	155	103	232	
1070	155	102	232	
1071	155	102	233	
1072	153	101	235	
1073	151	100	235	
1074	150	100	234	
1075	151	99	231	
1076	151	100	229	
1077	150	101	229	
1078	148	101	227	
1079	146	100	227	
1080	144	100	230	
1081	143	100	231	
1082	144	99	231	
1083	146	98	226	
1084	148	98	220	
1085	148	98	216	
1086	145	97	217	
1087	143	94	216	
1088	140	94	216	
1089	139	95	215	
1090	140	95	213	
1091	142	95	212	
1092	141	95	213	
1093	140	98	213	
1094	139	99	213	
1095	139	96	211	
1096	140	95	210	
1097	141	95	212	
1098	142	95	215	
1099	142	95	216	
1100	143	95	213	
1101	144	98	211	
1102	144	98	209	
1103	142	96	208	
1104	140	95	211	
1105	140	95	205	
1106	138	94	198	
1107	135	91	190	
1108	130	88	189	
1109	131	87	182	
1110	122	82	176	
1111	113	78	168	
1112	100	73	169	
1113	95	68	164	
1114	87	65	162	
1115	83	62	153	
1116	75	59	149	
1117	71	57	137	
1118	66	55	131	
1119	65	50	117	
1120	65	51	112	
1121	65	53	106	
1122	60	50	109	
1123	57	46	108	
1124	52	42	107	
1125	54	45	105	
1126	54	44	99	
1127	55	45	98	
1128	56	46	104	
1129	55	42	105	
1130	53	39	100	
1131	55	40	99	
1132	56	41	97	
1133	57	42	95	
1134	55	40	94	
1135	54	38	97	
1136	54	39	100	
1137	57	42	101	
1138	57	42	96	
1139	50	38	89	
1140	48	37	90	
1141	50	39	93	
1142	53	41	97	
1143	53	40	98	
1144	52	36	95	
1145	53	38	91	
1146	54	40	90	
1147	54	40	89	
1148	54	42	93	
1149	52	41	101	
1150	55	43	109	
1151	58	46	114	
1152	61	48	112	
1153	60	47	114	
1154	60	46	117	
1155	64	48	124	
1156	66	49	127	
1157	67	51	132	
1158	69	53	135	
1159	69	54	142	
1160	70	56	150	
1161	70	55	156	
1162	72	57	156	
1163	74	59	158	
1164	77	60	156	
1165	81	62	158	
1166	82	62	158	
1167	79	63	160	
1168	79	64	162	
1169	79	64	163	
1170	83	65	162	
1171	84	65	163	
1172	84	63	164	
1173	84	63	163	
1174	85	65	161	
1175	84	66	164	
1176	83	66	167	
1177	85	67	169	
1178	86	66	167	
1179	85	65	167	
1180	89	68	172	
1181	94	71	173	
1182	96	72	171	
1183	96	71	168	
1184	92	69	166	
1185	91	69	167	
1186	88	69	172	
1187	84	66	170	
1188	82	65	165	
1189	81	66	160	
1190	79	64	161	
1191	76	62	162	
1192	77	63	163	
1193	81	66	169	
1194	85	67	171	
1195	88	69	173	
1196	96	72	171	
1197	99	74	174	
1198	105	75	176	
1199	108	77	178	
1200	112	79	178	
1201	111	77	177	
1202	108	73	178	
1203	105	71	175	
1204	102	70	173	
1205	100	70	169	
1206	94	68	168	
1207	91	67	165	
1208	83	65	163	
1209	81	64	157	
1210	80	66	155	
1211	78	64	150	
1212	76	62	150	
1213	78	63	152	
1214	75	60	153	
1215	73	59	153	
1216	71	58	150	
1217	71	58	151	
1218	72	59	154	
1219	73	59	156	
1220	74	60	158	
1221	71	57	158	
1222	70	56	156	
1223	74	59	155	
1224	76	60	155	
1225	76	61	157	
1226	79	62	159	
1227	79	64	163	
1228	81	63	164	
1229	80	63	167	
1230	84	66	167	
1231	89	68	173	
1232	92	67	177	
1233	93	65	179	
1234	94	69	176	
1235	91	69	174	
1236	91	71	174	
1237	96	73	172	
1238	97	73	172	
1239	97	74	170	
1240	93	71	168	
1241	87	66	164	
1242	83	65	162	
1243	85	70	162	
1244	81	69	164	
1245	76	64	162	
1246	76	64	160	
1247	77	64	160	
1248	80	63	163	
1249	84	63	163	
1250	84	63	162	
1251	82	63	161	
1252	81	63	162	
1253	81	63	164	
1254	84	65	167	
1255	86	67	166	
1256	89	70	162	
1257	88	70	163	
1258	85	66	167	
1259	85	65	173	
1260	85	66	176	
1261	84	67	179	
1262	87	67	178	
1263	89	67	177	
1264	94	70	176	
1265	97	73	176	
1266	99	73	175	
1267	101	73	174	
1268	98	70	174	
1269	95	70	174	
1270	93	71	173	
1271	90	70	171	
1272	88	70	170	
1273	87	70	169	
1274	87	68	169	
1275	92	69	169	
1276	93	68	168	
1277	88	64	170	
1278	87	66	174	
1279	87	68	173	
