Pos	Red	Green	Blue	
0	58	64	41	
1	55	60	37	
2	57	60	39	
3	55	57	37	
4	54	54	36	
5	55	56	37	
6	58	58	37	
7	59	57	35	
8	60	58	35	
9	59	59	37	
10	57	60	40	
11	55	58	40	
12	52	57	39	
13	55	59	39	
14	54	57	36	
15	56	58	37	
16	55	57	37	
17	53	56	37	
18	51	55	35	
19	53	57	37	
20	51	57	37	
21	52	59	37	
22	54	60	37	
23	52	55	33	
24	52	53	34	
25	51	56	36	
26	57	63	38	
27	60	64	36	
28	60	62	32	
29	61	65	33	
30	64	67	33	
31	65	68	38	
32	69	72	45	
33	70	74	45	
34	75	79	42	
35	76	81	41	
36	76	80	39	
37	79	82	40	
38	76	83	38	
39	74	84	40	
40	73	84	44	
41	73	82	43	
42	75	84	43	
43	78	88	46	
44	77	87	46	
45	77	85	46	
46	75	84	44	
47	74	83	42	
48	76	86	43	
49	77	86	41	
50	75	83	39	
51	73	84	44	
52	71	82	46	
53	70	80	44	
54	73	84	42	
55	76	87	42	
56	76	85	40	
57	75	85	42	
58	76	86	46	
59	75	83	44	
60	77	83	42	
61	78	83	40	
62	80	84	42	
63	77	84	42	
64	77	85	42	
65	81	87	45	
66	79	85	41	
67	75	81	39	
68	76	84	43	
69	81	90	48	
70	78	89	44	
71	76	89	42	
72	76	91	45	
73	77	92	45	
74	76	91	42	
75	79	94	45	
76	77	91	43	
77	74	88	42	
78	77	89	48	
79	78	89	48	
80	80	89	47	
81	77	86	47	
82	74	83	51	
83	76	84	53	
84	74	82	45	
85	74	80	41	
86	76	81	46	
87	72	78	46	
88	72	78	47	
89	76	83	49	
90	75	83	45	
91	71	82	42	
92	75	85	47	
93	76	84	46	
94	76	82	45	
95	76	80	42	
96	73	79	39	
97	73	81	41	
98	73	83	43	
99	71	81	42	
100	73	84	44	
101	77	89	47	
102	75	86	43	
103	75	87	44	
104	75	89	45	
105	73	86	44	
106	72	81	42	
107	71	79	43	
108	72	81	46	
109	72	83	47	
110	72	85	46	
111	72	88	46	
112	75	89	49	
113	73	86	46	
114	74	83	45	
115	78	82	47	
116	77	81	48	
117	74	83	47	
118	74	87	44	
119	76	88	43	
120	74	84	41	
121	74	83	42	
122	76	85	46	
123	77	86	46	
124	75	85	43	
125	75	88	44	
126	76	89	46	
127	74	82	43	
128	72	77	44	
129	73	80	47	
130	75	83	45	
131	74	84	45	
132	75	86	47	
133	75	86	50	
134	74	82	49	
135	74	81	48	
136	77	84	52	
137	75	82	48	
138	72	80	43	
139	77	87	46	
140	77	88	48	
141	71	80	44	
142	72	79	48	
143	73	81	51	
144	73	80	49	
145	74	80	48	
146	73	81	46	
147	73	82	45	
148	74	84	46	
149	72	85	45	
150	72	84	46	
151	72	81	46	
152	72	80	47	
153	73	81	48	
154	77	86	50	
155	79	87	49	
156	80	87	49	
157	80	86	48	
158	77	84	44	
159	78	88	46	
160	77	87	47	
161	74	81	44	
162	76	82	49	
163	77	82	48	
164	75	82	45	
165	77	86	49	
166	77	86	52	
167	76	85	51	
168	78	87	50	
169	78	88	49	
170	77	88	50	
171	76	88	49	
172	76	86	47	
173	77	85	46	
174	79	87	47	
175	78	85	45	
176	74	81	42	
177	75	83	44	
178	75	85	48	
179	73	82	48	
180	72	79	47	
181	71	79	46	
182	73	82	49	
183	71	81	46	
184	71	80	47	
185	73	83	50	
186	71	80	46	
187	69	77	44	
188	69	79	49	
189	67	78	46	
190	65	76	39	
191	68	78	40	
192	67	79	41	
193	68	83	46	
194	70	84	50	
195	67	79	47	
196	67	77	48	
197	68	76	48	
198	67	77	49	
199	65	78	50	
200	65	77	47	
201	66	73	39	
202	65	72	36	
203	66	75	40	
204	64	74	45	
205	66	76	48	
206	68	79	47	
207	67	79	45	
208	65	75	43	
209	66	74	41	
210	67	77	45	
211	61	72	42	
212	53	65	39	
213	48	58	39	
214	39	50	38	
215	38	46	38	
216	35	42	36	
217	38	42	38	
218	39	44	39	
219	41	46	41	
220	42	47	43	
221	39	43	40	
222	39	43	40	
223	41	45	40	
224	43	46	39	
225	42	46	41	
226	39	44	41	
227	40	46	42	
228	38	46	40	
229	38	47	43	
230	38	46	44	
231	36	42	41	
232	41	47	41	
233	41	47	39	
234	38	43	36	
235	41	43	37	
236	43	46	43	
237	39	43	43	
238	37	43	44	
239	36	45	45	
240	33	43	41	
241	31	40	42	
242	35	43	50	
243	40	46	53	
244	36	40	42	
245	35	39	38	
246	36	40	41	
247	35	39	40	
248	36	39	39	
249	34	38	37	
250	37	42	42	
251	33	39	40	
252	32	41	41	
253	36	48	45	
254	33	46	39	
255	33	46	38	
256	35	46	38	
257	33	40	35	
258	37	41	38	
259	41	48	43	
260	42	50	42	
261	43	54	44	
262	46	54	45	
263	48	54	43	
264	50	58	45	
265	49	62	48	
266	47	63	47	
267	48	63	47	
268	50	66	49	
269	49	63	47	
270	48	61	47	
271	48	58	46	
272	44	54	43	
273	41	51	42	
274	39	49	45	
275	41	51	45	
276	41	49	42	
277	37	44	41	
278	38	45	44	
279	40	47	45	
280	41	50	44	
281	38	46	44	
282	32	39	45	
283	36	42	48	
284	37	42	43	
285	37	42	39	
286	38	46	45	
287	36	49	45	
288	36	52	43	
289	38	53	45	
290	38	51	45	
291	41	52	47	
292	40	49	43	
293	36	44	39	
294	36	43	41	
295	37	45	44	
296	39	47	45	
297	38	44	43	
298	37	40	40	
299	38	43	42	
300	42	47	46	
301	49	58	53	
302	54	62	53	
303	56	65	53	
304	60	72	56	
305	60	70	55	
306	56	67	53	
307	52	62	50	
308	53	65	53	
309	53	64	53	
310	49	60	53	
311	47	58	54	
312	42	51	48	
313	42	52	46	
314	44	53	41	
315	50	63	45	
316	57	71	53	
317	58	73	54	
318	59	75	56	
319	56	73	57	
320	50	66	55	
321	43	56	51	
322	40	51	49	
323	37	45	47	
324	36	43	48	
325	36	46	48	
326	33	43	42	
327	37	45	40	
328	39	47	43	
329	38	47	45	
330	38	47	48	
331	34	43	46	
332	35	41	45	
333	41	47	47	
334	42	48	44	
335	40	47	41	
336	38	49	41	
337	36	49	42	
338	37	49	46	
339	39	48	45	
340	44	50	43	
341	46	54	45	
342	47	54	45	
343	51	58	47	
344	53	61	47	
345	51	62	47	
346	51	63	49	
347	51	62	49	
348	55	65	49	
349	60	70	52	
350	62	75	55	
351	55	68	50	
352	50	64	49	
353	49	61	51	
354	43	54	47	
355	43	52	47	
356	44	52	47	
357	45	52	47	
358	42	49	47	
359	41	48	48	
360	39	48	49	
361	37	50	51	
362	37	49	50	
363	41	50	49	
364	47	55	51	
365	45	54	48	
366	45	55	48	
367	42	53	48	
368	35	47	45	
369	37	49	49	
370	38	50	47	
371	42	51	49	
372	44	50	51	
373	39	46	50	
374	38	45	51	
375	42	49	52	
376	41	49	47	
377	36	44	44	
378	36	45	49	
379	34	46	50	
380	34	46	49	
381	37	47	45	
382	38	48	46	
383	37	48	45	
384	39	51	47	
385	41	52	50	
386	42	50	51	
387	43	51	53	
388	45	52	53	
389	45	55	53	
390	47	57	54	
391	46	56	51	
392	45	53	46	
393	42	47	44	
394	38	45	46	
395	37	43	46	
396	36	44	46	
397	37	49	48	
398	39	50	47	
399	37	47	43	
400	40	47	45	
401	40	46	46	
402	36	42	43	
403	40	47	46	
404	39	46	44	
405	39	48	45	
406	47	55	51	
407	47	57	50	
408	56	63	50	
409	60	67	52	
410	61	68	52	
411	64	73	56	
412	63	74	55	
413	63	72	55	
414	61	70	56	
415	58	68	56	
416	58	69	56	
417	54	66	56	
418	52	61	54	
419	53	60	53	
420	50	60	50	
421	49	62	50	
422	44	59	47	
423	42	57	46	
424	46	59	47	
425	52	61	49	
426	54	62	51	
427	53	64	51	
428	54	70	53	
429	52	71	52	
430	49	69	50	
431	51	68	50	
432	51	65	49	
433	52	64	52	
434	52	64	54	
435	51	63	53	
436	51	65	52	
437	49	63	49	
438	52	63	49	
439	56	64	51	
440	61	71	56	
441	60	74	58	
442	55	70	57	
443	47	62	51	
444	43	57	49	
445	44	56	48	
446	40	52	46	
447	38	49	45	
448	36	48	44	
449	39	51	50	
450	40	51	56	
451	40	52	58	
452	42	54	57	
453	43	54	54	
454	45	55	52	
455	44	54	49	
456	42	52	50	
457	42	52	49	
458	39	50	45	
459	40	50	46	
460	39	50	49	
461	37	48	49	
462	35	46	48	
463	35	47	48	
464	38	51	51	
465	40	52	51	
466	40	51	47	
467	39	52	48	
468	41	54	49	
469	40	53	47	
470	40	52	45	
471	43	54	46	
472	38	50	44	
473	35	46	43	
474	37	46	44	
475	41	50	48	
476	43	52	49	
477	41	49	46	
478	43	51	45	
479	44	54	48	
480	46	55	53	
481	40	50	48	
482	41	49	43	
483	44	52	44	
484	44	53	44	
485	47	55	49	
486	47	57	52	
487	45	56	51	
488	44	51	47	
489	44	47	46	
490	48	52	51	
491	48	55	52	
492	42	52	49	
493	37	47	46	
494	36	45	49	
495	39	45	51	
496	40	47	51	
497	39	46	50	
498	36	42	46	
499	36	42	48	
500	38	46	53	
501	39	49	56	
502	37	46	54	
503	40	46	52	
504	43	47	47	
505	42	50	46	
506	45	54	52	
507	45	53	52	
508	47	52	49	
509	54	60	52	
510	60	66	55	
511	59	69	54	
512	61	72	55	
513	63	74	58	
514	55	66	55	
515	46	54	48	
516	45	54	50	
517	50	56	51	
518	49	60	55	
519	46	61	58	
520	43	61	59	
521	45	60	56	
522	41	54	46	
523	39	52	45	
524	44	59	55	
525	45	60	57	
526	45	58	51	
527	45	60	51	
528	51	62	56	
529	57	69	58	
530	63	73	56	
531	65	78	55	
532	73	85	58	
533	76	89	60	
534	81	90	60	
535	81	88	60	
536	78	88	61	
537	77	88	63	
538	68	83	61	
539	60	73	56	
540	53	66	55	
541	53	66	56	
542	56	68	59	
543	61	71	59	
544	61	70	54	
545	58	69	54	
546	50	62	54	
547	45	56	52	
548	43	54	49	
549	41	50	44	
550	39	47	43	
551	38	48	45	
552	49	57	54	
553	58	64	58	
554	62	69	59	
555	56	67	56	
556	45	55	47	
557	45	50	45	
558	44	51	51	
559	40	48	49	
560	37	48	46	
561	40	51	49	
562	40	49	50	
563	41	46	51	
564	41	45	51	
565	42	48	54	
566	41	50	55	
567	43	52	54	
568	44	52	51	
569	39	47	47	
570	36	46	48	
571	34	46	48	
572	34	45	44	
573	40	48	45	
574	41	47	48	
575	37	43	47	
576	38	44	48	
577	39	43	47	
578	37	42	47	
579	36	44	47	
580	34	44	44	
581	36	45	42	
582	40	48	45	
583	39	48	44	
584	39	48	45	
585	40	48	46	
586	39	44	46	
587	40	40	46	
588	41	40	46	
589	39	39	45	
590	40	40	45	
591	39	41	47	
592	39	43	50	
593	37	42	50	
594	34	40	49	
595	36	45	52	
596	37	48	51	
597	40	50	50	
598	40	49	45	
599	40	50	45	
600	42	52	50	
601	42	51	51	
602	44	50	51	
603	43	48	50	
604	41	45	49	
605	40	43	47	
606	40	45	48	
607	39	47	49	
608	34	43	44	
609	36	45	46	
610	38	48	49	
611	35	45	45	
612	37	46	43	
613	41	49	46	
614	39	46	48	
615	38	47	50	
616	41	50	50	
617	42	49	47	
618	45	50	49	
619	46	52	50	
620	46	54	49	
621	42	53	48	
622	40	51	48	
623	42	50	47	
624	40	46	45	
625	40	45	48	
626	37	42	48	
627	38	45	51	
628	39	47	52	
629	35	41	45	
630	32	39	43	
631	36	45	45	
632	33	42	42	
633	33	41	41	
634	38	44	45	
635	39	42	44	
636	41	42	45	
637	42	46	46	
638	38	45	43	
639	34	43	41	
640	34	42	42	
641	38	43	45	
642	40	44	46	
643	37	42	44	
644	39	44	44	
645	45	49	48	
646	39	43	46	
647	37	41	47	
648	37	42	49	
649	35	39	44	
650	37	41	43	
651	37	43	43	
652	36	43	43	
653	38	43	44	
654	37	43	41	
655	38	44	40	
656	42	48	45	
657	41	47	44	
658	42	47	46	
659	42	48	47	
660	41	50	47	
661	37	48	44	
662	37	47	44	
663	38	46	43	
664	42	47	43	
665	43	47	45	
666	40	44	43	
667	40	47	46	
668	39	45	45	
669	40	44	45	
670	40	45	46	
671	36	44	44	
672	38	47	45	
673	41	49	47	
674	38	43	42	
675	38	42	41	
676	41	47	44	
677	38	46	44	
678	37	44	47	
679	39	46	53	
680	40	46	56	
681	38	45	53	
682	39	46	47	
683	41	48	45	
684	41	47	43	
685	42	47	44	
686	42	47	46	
687	42	47	49	
688	43	47	52	
689	39	42	48	
690	39	44	44	
691	41	49	48	
692	41	48	53	
693	44	48	54	
694	53	44	47	
695	58	44	47	
696	56	40	48	
697	49	38	45	
698	44	46	46	
699	44	48	43	
700	44	49	46	
701	43	50	47	
702	41	49	46	
703	39	47	47	
704	35	44	47	
705	36	46	48	
706	39	49	50	
707	38	47	46	
708	36	46	43	
709	39	51	47	
710	42	54	50	
711	38	47	46	
712	40	48	47	
713	41	50	47	
714	39	47	41	
715	42	48	42	
716	39	44	42	
717	38	43	44	
718	39	46	48	
719	40	49	51	
720	40	49	51	
721	41	47	50	
722	41	45	46	
723	42	47	48	
724	42	48	48	
725	38	46	47	
726	37	45	48	
727	38	45	48	
728	39	46	49	
729	41	48	50	
730	38	45	47	
731	39	44	45	
732	41	45	46	
733	39	45	43	
734	39	46	42	
735	44	52	47	
736	46	55	51	
737	45	53	51	
738	48	54	53	
739	46	52	50	
740	46	51	47	
741	45	51	47	
742	46	53	51	
743	47	52	51	
744	44	49	47	
745	43	49	46	
746	41	51	47	
747	43	54	51	
748	41	49	48	
749	41	46	47	
750	45	50	52	
751	45	50	51	
752	45	50	50	
753	43	49	51	
754	41	47	49	
755	43	48	50	
756	43	47	50	
757	45	49	53	
758	47	50	52	
759	45	47	49	
760	44	46	49	
761	41	42	46	
762	43	46	49	
763	41	44	48	
764	41	45	49	
765	42	48	50	
766	42	49	48	
767	47	54	50	
768	47	54	49	
769	43	51	47	
770	49	58	50	
771	57	65	54	
772	59	66	54	
773	57	62	51	
774	54	58	48	
775	51	56	48	
776	47	55	52	
777	45	51	51	
778	44	51	49	
779	43	50	47	
780	42	49	51	
781	40	49	52	
782	40	49	50	
783	43	51	50	
784	45	54	51	
785	47	57	53	
786	46	56	51	
787	45	57	49	
788	47	58	46	
789	47	58	45	
790	53	63	51	
791	55	68	55	
792	63	73	54	
793	71	82	58	
794	84	92	61	
795	91	99	65	
796	96	103	67	
797	96	104	67	
798	98	106	68	
799	95	105	66	
800	95	105	66	
801	99	107	69	
802	98	106	68	
803	97	106	69	
804	97	108	71	
805	96	108	72	
806	95	105	70	
807	95	105	69	
808	98	110	71	
809	99	111	71	
810	98	111	71	
811	98	111	70	
812	100	112	71	
813	101	110	70	
814	100	109	70	
815	99	111	72	
816	98	112	72	
817	97	112	71	
818	97	111	68	
819	99	111	69	
820	100	110	69	
821	100	110	67	
822	101	111	67	
823	100	111	67	
824	99	109	66	
825	100	111	71	
826	104	114	74	
827	107	115	75	
828	108	117	73	
829	106	116	73	
830	104	114	74	
831	103	112	73	
832	101	112	73	
833	99	112	73	
834	99	112	72	
835	102	112	72	
836	100	111	73	
837	98	107	71	
838	94	103	66	
839	96	102	65	
840	98	104	69	
841	94	100	67	
842	90	96	65	
843	88	96	64	
844	88	97	65	
845	89	98	66	
846	88	96	63	
847	91	97	65	
848	91	98	70	
849	89	97	68	
850	92	101	67	
851	94	104	69	
852	94	106	70	
853	96	110	74	
854	98	109	72	
855	100	107	70	
856	103	110	71	
857	101	109	70	
858	100	109	70	
859	101	110	72	
860	101	110	72	
861	100	112	73	
862	104	117	78	
863	102	115	74	
864	100	112	70	
865	102	114	70	
866	100	114	70	
867	97	111	68	
868	95	109	68	
869	94	108	71	
870	96	110	76	
871	98	110	76	
872	99	109	71	
873	101	111	69	
874	102	112	71	
875	99	109	67	
876	98	106	65	
877	100	109	67	
878	99	112	69	
879	99	112	70	
880	97	110	70	
881	95	107	70	
882	93	104	70	
883	93	103	69	
884	93	104	68	
885	92	101	65	
886	91	99	66	
887	91	98	67	
888	90	97	66	
889	87	96	65	
890	86	96	66	
891	89	97	66	
892	89	97	65	
893	85	96	65	
894	83	95	66	
895	86	100	67	
896	87	99	61	
897	87	96	59	
898	89	96	62	
899	88	97	66	
900	90	99	65	
901	94	103	66	
902	99	107	66	
903	100	110	67	
904	103	112	69	
905	103	113	69	
906	104	113	70	
907	105	113	71	
908	103	109	70	
909	102	108	71	
910	101	110	71	
911	101	111	69	
912	102	114	73	
913	98	111	70	
914	96	110	70	
915	97	111	71	
916	96	107	67	
917	98	107	68	
918	103	109	71	
919	104	109	71	
920	101	109	70	
921	100	113	73	
922	99	112	70	
923	99	108	67	
924	101	110	71	
925	100	108	71	
926	95	103	67	
927	95	102	67	
928	95	105	69	
929	93	103	68	
930	92	102	66	
931	93	104	68	
932	93	103	65	
933	94	100	65	
934	95	100	68	
935	93	102	68	
936	95	104	68	
937	96	103	67	
938	95	100	67	
939	97	100	69	
940	92	95	66	
941	86	87	61	
942	77	80	59	
943	67	70	53	
944	58	65	52	
945	57	64	52	
946	50	61	50	
947	46	58	49	
948	47	58	51	
949	52	59	54	
950	52	59	53	
951	49	56	55	
952	49	58	63	
953	48	56	61	
954	47	55	55	
955	45	55	51	
956	41	52	48	
957	44	53	50	
958	44	50	50	
959	43	49	51	
960	43	47	51	
961	41	47	50	
962	41	50	50	
963	41	53	49	
964	43	53	50	
965	42	50	46	
966	45	51	41	
967	49	58	46	
968	60	69	52	
969	67	79	60	
970	80	89	64	
971	86	95	66	
972	93	99	63	
973	96	105	66	
974	96	107	67	
975	93	108	67	
976	93	109	67	
977	96	110	67	
978	98	109	67	
979	100	109	68	
980	100	110	68	
981	98	107	67	
982	99	108	69	
983	101	107	69	
984	103	110	72	
985	102	113	73	
986	101	111	72	
987	105	110	72	
988	105	108	69	
989	105	111	70	
990	104	113	68	
991	102	110	65	
992	100	109	64	
993	99	109	64	
994	99	110	66	
995	100	108	67	
996	99	107	69	
997	97	107	70	
998	98	108	70	
999	98	108	69	
1000	101	111	72	
1001	104	114	75	
1002	102	111	72	
1003	103	110	71	
1004	101	106	67	
1005	105	108	67	
1006	107	110	70	
1007	100	107	69	
1008	98	108	73	
1009	97	107	71	
1010	96	105	68	
1011	97	104	65	
1012	99	107	69	
1013	99	108	71	
1014	98	106	68	
1015	99	104	67	
1016	97	100	64	
1017	97	101	68	
1018	98	101	71	
1019	98	101	69	
1020	102	106	68	
1021	101	107	67	
1022	97	105	67	
1023	98	105	68	
1024	98	105	68	
1025	98	106	68	
1026	99	106	70	
1027	99	105	69	
1028	101	104	67	
1029	102	104	66	
1030	102	105	66	
1031	103	110	69	
1032	104	112	70	
1033	103	110	68	
1034	103	110	70	
1035	103	111	72	
1036	101	108	69	
1037	101	107	68	
1038	103	107	69	
1039	102	103	65	
1040	99	99	62	
1041	99	102	64	
1042	101	106	66	
1043	100	106	66	
1044	101	108	66	
1045	101	107	68	
1046	97	102	67	
1047	95	102	68	
1048	96	104	70	
1049	97	106	69	
1050	97	104	65	
1051	97	104	63	
1052	100	105	65	
1053	100	105	65	
1054	101	107	69	
1055	100	107	70	
1056	100	109	68	
1057	103	115	71	
1058	100	112	68	
1059	98	108	65	
1060	100	108	68	
1061	103	110	73	
1062	104	111	74	
1063	101	110	70	
1064	103	111	71	
1065	103	109	69	
1066	101	105	67	
1067	100	105	66	
1068	101	108	67	
1069	104	109	68	
1070	103	108	67	
1071	103	110	69	
1072	105	113	72	
1073	105	112	71	
1074	105	111	71	
1075	102	107	71	
1076	102	106	72	
1077	104	106	72	
1078	103	108	70	
1079	103	111	68	
1080	103	112	66	
1081	101	110	66	
1082	98	107	68	
1083	97	104	68	
1084	97	101	65	
1085	102	103	66	
1086	101	101	62	
1087	100	104	62	
1088	104	112	68	
1089	105	112	68	
1090	103	107	66	
1091	103	108	68	
1092	106	112	74	
1093	103	109	73	
1094	101	105	69	
1095	101	105	70	
1096	101	105	69	
1097	101	107	70	
1098	101	108	72	
1099	99	108	71	
1100	100	109	70	
1101	101	106	68	
1102	101	105	69	
1103	103	107	72	
1104	104	108	70	
1105	105	107	68	
1106	103	105	64	
1107	103	107	66	
1108	102	108	71	
1109	100	106	69	
1110	99	105	67	
1111	101	105	65	
1112	102	107	66	
1113	104	109	68	
1114	106	108	68	
1115	106	106	66	
1116	108	107	64	
1117	106	109	63	
1118	105	110	65	
1119	106	113	69	
1120	105	113	69	
1121	102	111	67	
1122	104	112	67	
1123	106	111	67	
1124	107	110	67	
1125	108	112	70	
1126	109	112	70	
1127	107	107	66	
1128	106	107	64	
1129	107	111	68	
1130	104	113	69	
1131	102	111	68	
1132	105	111	70	
1133	107	106	67	
1134	106	103	65	
1135	103	104	63	
1136	100	104	59	
1137	102	105	60	
1138	102	103	62	
1139	101	102	65	
1140	101	101	67	
1141	102	102	67	
1142	102	103	64	
1143	105	107	65	
1144	105	109	69	
1145	101	105	66	
1146	98	103	65	
1147	97	104	69	
1148	98	103	71	
1149	100	101	69	
1150	104	103	70	
1151	107	106	68	
1152	104	105	64	
1153	100	104	61	
1154	99	107	63	
1155	100	106	62	
1156	99	104	59	
1157	98	104	60	
1158	99	106	63	
1159	102	107	67	
1160	102	106	67	
1161	102	105	65	
1162	104	106	65	
1163	102	104	63	
1164	101	102	63	
1165	106	108	69	
1166	106	108	67	
1167	103	106	62	
1168	101	106	62	
1169	99	103	59	
1170	99	102	61	
1171	101	101	60	
1172	101	100	55	
1173	99	102	55	
1174	100	104	58	
1175	101	104	62	
1176	104	106	67	
1177	103	106	70	
1178	102	104	69	
1179	103	103	66	
1180	102	104	63	
1181	103	106	66	
1182	103	105	68	
1183	105	104	68	
1184	105	102	66	
1185	103	104	64	
1186	104	107	65	
1187	104	107	65	
1188	104	108	67	
1189	101	106	65	
1190	101	105	63	
1191	102	105	63	
1192	103	105	64	
1193	105	105	67	
1194	103	103	66	
1195	100	101	63	
1196	101	106	64	
1197	102	107	63	
1198	100	105	61	
1199	99	106	65	
1200	97	105	68	
1201	100	106	71	
1202	99	104	67	
1203	96	103	64	
1204	100	105	66	
1205	101	102	65	
1206	101	102	64	
1207	102	107	69	
1208	101	106	68	
1209	101	105	66	
1210	102	105	65	
1211	100	103	65	
1212	100	104	67	
1213	101	107	69	
1214	103	108	67	
1215	103	107	67	
1216	103	106	72	
1217	103	105	72	
1218	102	104	64	
1219	106	106	65	
1220	107	105	66	
1221	103	101	63	
1222	101	99	62	
1223	99	99	62	
1224	99	100	64	
1225	99	100	65	
1226	99	99	64	
1227	99	100	62	
1228	98	100	61	
1229	99	101	62	
1230	97	100	61	
1231	98	100	62	
1232	97	100	61	
1233	96	99	60	
1234	95	96	60	
1235	95	91	58	
1236	96	91	60	
1237	95	92	62	
1238	97	95	62	
1239	97	95	62	
1240	96	95	60	
1241	98	98	61	
1242	98	98	57	
1243	99	97	57	
1244	100	96	61	
1245	97	94	61	
1246	93	92	61	
1247	94	94	63	
1248	93	94	65	
1249	92	90	62	
1250	90	86	57	
1251	90	83	58	
1252	85	81	62	
1253	78	78	61	
1254	72	75	57	
1255	69	70	51	
1256	69	71	55	
1257	67	69	54	
1258	62	65	51	
1259	63	66	51	
1260	62	66	50	
1261	60	65	49	
1262	58	62	46	
1263	57	59	44	
1264	57	60	48	
1265	55	58	49	
1266	52	55	49	
1267	50	53	45	
1268	46	50	40	
1269	46	52	40	
1270	46	53	42	
1271	45	51	44	
1272	41	46	44	
1273	39	46	46	
1274	41	50	47	
1275	40	48	44	
1276	40	48	46	
1277	41	49	48	
1278	39	46	46	
1279	37	44	45	
